Reward,Time,Seed
2;360.451999903;[(), (4600,), (), (4264,), (), (945,), (), (), (), (1183,), (), (746,), (), (616,), (), (), (), (3383,), (), ()]
-1;374.474000216;[(3383,), (), (4264,), (), (1183,), (), (4600,), (), (616,), (), (), (746,), (), (1154,), (), (), (1489,), (), (), ()]
4;377.076999903;[(4600,), (), (4264,), (), (945,), (), (1183,), (), (746,), (), (), (), (), (), (616,), (), (), (3383,), (), ()]
14;366.000999928;[(4600,), (), (4264,), (), (), (), (88,), (), (3383,), (), (), (), (1183,), (), (), (616,), (), (1154,), (), ()]
12;362.322999954;[(2923,), (), (), (3383,), (), (4264,), (), (4600,), (), (616,), (), (), (), (), (945,), (), (), (1154,), (), ()]
2;372.676000118;[(3383,), (), (1183,), (), (), (4600,), (), (), (), (), (616,), (), (), (), (4264,), (), (746,), (), (1154,), ()]
8;370.253000021;[(1183,), (), (), (4264,), (), (), (4600,), (), (), (), (), (), (), (88,), (), (), (), (3383,), (), ()]
28;346.871000051;[(), (4600,), (), (), (), (), (), (4264,), (), (), (), (), (), (), (945,), (), (), (), (1183,), ()]
9;366.572999954;[(945,), (), (), (), (2923,), (), (4600,), (), (), (3383,), (), (), (), (), (1183,), (), (), (), (616,), ()]
12;350.167000055;[(3383,), (), (), (), (4264,), (), (), (), (), (), (1183,), (), (4600,), (), (746,), (), (88,), (), (), ()]
