Reward,Time,Actions
10;445.513000011;[(), (4988,), (1421,), (), (), (), (), (1610,), (), (4755,), (), (), (1039,), (), (2017,), (), (), (), (), ()]
-6;440.795000076;[(), (2034,), (4364,), (831,), (1853,), (), (4438,), (4714,), (), (871,), (), (4552,), (), (), (2463,), (993,), (952,), (), (3125,), ()]
0;445.659999847;[(772,), (1010,), (), (3196,), (960,), (), (4233,), (), (628,), (), (683,), (3364,), (), (), (4632,), (), (), (367,), (4684,), ()]
-10;447.174000025;[(), (2105,), (), (), (1933,), (), (2609,), (3340,), (), (3494,), (4997,), (2374,), (2583,), (), (3512,), (4867,), (), (1278,), (), ()]
4;455.304000139;[(), (1435,), (), (23,), (), (4867,), (), (1342,), (), (3259,), (), (1996,), (), (), (), (1195,), (), (2020,), (379,), ()]
-1;451.889999866;[(3030,), (), (), (), (), (3634,), (2131,), (3158,), (1530,), (4707,), (), (544,), (), (2107,), (3041,), (), (854,), (590,), (969,), ()]
13;432.539000034;[(), (1344,), (1230,), (367,), (), (3620,), (), (), (), (), (), (), (), (), (3150,), (2172,), (), (), (), ()]
1;448.921000004;[(), (1092,), (), (2416,), (), (), (2789,), (3302,), (4797,), (1527,), (), (368,), (1878,), (), (4752,), (1010,), (), (), (179,), ()]
5;459.344000101;[(), (1896,), (2927,), (), (2438,), (), (), (), (), (), (), (1334,), (), (), (1610,), (1616,), (), (4968,), (3211,), ()]
-2;468.644999981;[(), (), (2407,), (), (), (), (1018,), (507,), (2854,), (3911,), (), (), (1186,), (), (4292,), (), (989,), (), (), ()]
