Reward,Time,Seed
188;40.1930000782;[(1,), (), (), (), (), (), (), (), (), (), (), (), (), (28,), (), (), (105,), (), (), ()]
184;39.7550001144;[(1,), (), (), (), (), (), (), (), (), (), (), (), (47,), (), (), (), (26,), (), (), ()]
131;41.0319998264;[(1,), (), (), (), (), (), (), (), (), (), (), (), (), (22,), (), (), (80,), (), (), ()]
180;39.4290001392;[(1,), (), (), (), (), (), (), (), (), (), (76,), (), (), (), (), (), (), (), (), ()]
124;41.0590000153;[(1,), (), (), (), (), (), (), (), (), (), (), (), (), (), (), (), (0,), (), (), ()]
148;40.8149998188;[(1,), (), (), (), (), (), (), (), (), (), (), (), (), (), (), (), (), (7,), (), ()]
168;40.246999979;[(1,), (), (), (), (), (), (), (), (), (), (), (22,), (), (), (31,), (), (), (), (), ()]
171;40.375;[(1,), (), (), (), (), (), (), (), (), (), (), (), (28,), (), (), (), (44,), (), (), ()]
167;41.7550001144;[(1,), (), (), (), (), (), (), (), (), (), (), (), (), (), (), (), (), (), (), ()]
178;39.7219998837;[(1,), (), (), (), (), (), (), (), (), (), (), (), (), (), (), (22,), (), (), (), ()]
