Reward,Time,Actions
4;48.5759999752;[(), (455,), (), (456,), (), (318,), (), (), (229,), (11,), (498,), (), (), (), (204,), (499,), (), (), (334,), ()]
9;51.7509999275;[(447,), (241,), (), (422,), (), (343,), (), (), (), (), (), (179,), (), (317,), (), (439,), (498,), (), (), ()]
1;52.3459999561;[(), (294,), (116,), (), (292,), (), (), (97,), (447,), (), (267,), (138,), (), (), (49,), (), (), (305,), (), ()]
-2;53.0500001907;[(173,), (), (), (171,), (162,), (), (11,), (), (), (368,), (), (16,), (49,), (), (), (74,), (181,), (), (124,), ()]
-7;53.3559999466;[(), (49,), (), (83,), (), (100,), (), (205,), (66,), (), (424,), (498,), (), (369,), (), (342,), (), (58,), (), ()]
13;47.760999918;[(), (367,), (66,), (), (), (), (), (422,), (351,), (), (30,), (), (), (31,), (292,), (), (), (116,), (187,), ()]
-8;51.7799999714;[(), (230,), (), (), (99,), (448,), (), (294,), (238,), (242,), (254,), (), (), (317,), (229,), (9,), (140,), (), (74,), ()]
-2;53.0380001068;[(), (116,), (), (), (), (182,), (), (23,), (473,), (422,), (146,), (), (), (162,), (302,), (498,), (32,), (), (), ()]
-5;52.9200000763;[(), (49,), (), (342,), (456,), (190,), (), (), (131,), (), (), (335,), (), (), (124,), (), (23,), (309,), (), ()]
-1;48.7400000095;[(), (344,), (140,), (), (), (), (154,), (), (369,), (), (204,), (), (), (), (445,), (162,), (343,), (164,), (), ()]
