Reward,Time,Actions
92;34.4529998302;[(9, 225, 314, 435), (), (), (15,), (), (), (), (), (), (), (), (), (), (), (129,), (367,), (425,), (343,), (), ()]
98;41.4670000076;[(202, 448), (), (254,), (), (32,), (), (), (), (), (), (), (), (), (313,), (), (), (), (179,), (), ()]
75;38.0410001278;[(47, 417, 436), (), (), (), (), (), (), (), (352,), (146,), (263,), (87,), (), (329,), (367,), (447,), (), (), (99,), ()]
82;39.0160000324;[(267,), (), (), (), (), (), (), (), (158,), (351,), (), (142,), (91,), (313,), (124,), (), (24,), (25,), (356,), ()]
88;34.4789998531;[(33,), (), (), (), (), (), (), (), (344,), (17,), (), (), (), (312,), (), (), (), (111,), (475,), ()]
89;32.7139999866;[(33,), (), (), (), (), (), (), (), (), (), (), (), (), (), (), (), (390,), (368,), (), ()]
94;37.3070001602;[(24, 361, 464), (), (187,), (), (), (), (), (), (), (), (), (), (284,), (58,), (373,), (448,), (360,), (), (317,), ()]
94;44.513999939;[(53,), (162,), (347,), (422,), (456,), (208,), (), (), (), (), (), (), (), (), (), (), (), (254,), (), ()]
71;41.5249998569;[(268,), (335,), (), (), (141,), (), (), (), (), (), (), (), (), (379,), (23,), (499,), (109,), (), (), ()]
89;34.3350000381;[(109, 258), (), (), (), (), (), (), (), (), (), (201,), (310,), (), (), (142,), (119,), (189,), (199,), (465,), ()]
