# Undirected graph (each unordered pair of nodes is saved once): G_pa.txt_1000.txt
# Nodes: 1000 Edges: 4985
# NodeId	NodeId
0	1
0	2
0	3
0	4
0	5
0	7
0	8
0	11
0	15
0	22
0	25
0	27
0	32
0	36
0	37
0	44
0	49
0	59
0	78
0	89
0	107
0	181
0	210
0	248
0	278
0	324
0	336
0	350
0	400
0	402
0	425
0	482
0	519
0	530
0	539
0	567
0	596
0	663
0	690
0	726
0	768
0	826
0	882
1	2
1	3
1	4
1	5
1	6
1	7
1	8
1	9
1	10
1	11
1	12
1	13
1	14
1	19
1	20
1	22
1	29
1	30
1	31
1	32
1	33
1	34
1	38
1	40
1	43
1	44
1	46
1	47
1	50
1	53
1	61
1	64
1	65
1	67
1	76
1	79
1	80
1	105
1	111
1	117
1	118
1	129
1	133
1	138
1	139
1	144
1	147
1	149
1	154
1	165
1	167
1	169
1	171
1	180
1	186
1	193
1	206
1	208
1	229
1	233
1	234
1	238
1	288
1	296
1	300
1	318
1	322
1	324
1	328
1	330
1	333
1	334
1	363
1	384
1	390
1	405
1	406
1	415
1	427
1	437
1	438
1	473
1	485
1	499
1	501
1	516
1	522
1	545
1	558
1	569
1	614
1	615
1	622
1	635
1	649
1	656
1	661
1	686
1	698
1	765
1	793
1	820
1	840
1	842
1	851
1	857
1	888
1	904
1	913
1	929
1	930
1	932
1	939
1	955
1	961
1	991
2	3
2	4
2	5
2	6
2	9
2	11
2	15
2	16
2	17
2	18
2	21
2	31
2	33
2	36
2	45
2	49
2	57
2	64
2	65
2	73
2	74
2	75
2	76
2	91
2	93
2	97
2	106
2	116
2	125
2	126
2	130
2	133
2	136
2	140
2	141
2	145
2	146
2	148
2	156
2	158
2	161
2	163
2	164
2	171
2	176
2	178
2	183
2	194
2	198
2	219
2	221
2	226
2	234
2	236
2	241
2	244
2	255
2	261
2	262
2	265
2	266
2	274
2	280
2	287
2	292
2	295
2	349
2	351
2	357
2	368
2	377
2	383
2	384
2	387
2	388
2	395
2	402
2	403
2	417
2	426
2	488
2	489
2	505
2	506
2	515
2	525
2	548
2	583
2	613
2	646
2	659
2	672
2	705
2	736
2	777
2	782
2	787
2	799
2	814
2	839
2	855
2	880
2	882
2	913
2	918
2	919
2	931
2	963
2	964
2	968
2	989
3	4
3	5
3	6
3	7
3	9
3	10
3	11
3	12
3	13
3	15
3	17
3	19
3	21
3	23
3	24
3	25
3	27
3	28
3	33
3	34
3	35
3	37
3	40
3	42
3	43
3	45
3	50
3	54
3	55
3	56
3	59
3	63
3	64
3	69
3	71
3	77
3	83
3	90
3	92
3	95
3	98
3	99
3	100
3	105
3	111
3	116
3	118
3	120
3	124
3	136
3	137
3	142
3	151
3	152
3	154
3	155
3	166
3	167
3	170
3	187
3	197
3	203
3	214
3	223
3	227
3	238
3	242
3	264
3	265
3	270
3	282
3	286
3	303
3	322
3	333
3	339
3	352
3	353
3	359
3	361
3	367
3	378
3	380
3	385
3	401
3	407
3	436
3	442
3	446
3	466
3	467
3	476
3	480
3	495
3	505
3	510
3	517
3	518
3	528
3	541
3	560
3	571
3	574
3	578
3	582
3	606
3	641
3	655
3	657
3	670
3	703
3	724
3	736
3	738
3	739
3	745
3	747
3	763
3	770
3	778
3	788
3	806
3	811
3	818
3	863
3	889
3	924
3	929
3	952
3	979
3	981
3	982
4	5
4	6
4	8
4	13
4	18
4	24
4	32
4	34
4	36
4	38
4	39
4	42
4	50
4	55
4	56
4	65
4	67
4	71
4	81
4	84
4	85
4	92
4	94
4	98
4	99
4	111
4	126
4	140
4	168
4	175
4	182
4	187
4	194
4	201
4	202
4	203
4	205
4	212
4	234
4	254
4	256
4	266
4	287
4	294
4	328
4	330
4	331
4	336
4	354
4	360
4	374
4	382
4	398
4	417
4	426
4	428
4	433
4	443
4	474
4	481
4	488
4	507
4	556
4	581
4	588
4	593
4	627
4	639
4	650
4	660
4	710
4	725
4	737
4	745
4	834
4	890
4	894
4	917
4	918
4	941
4	981
5	6
5	7
5	8
5	9
5	10
5	12
5	15
5	16
5	20
5	21
5	30
5	35
5	43
5	59
5	63
5	75
5	77
5	90
5	100
5	107
5	126
5	130
5	148
5	149
5	157
5	158
5	178
5	190
5	200
5	209
5	210
5	243
5	258
5	277
5	296
5	305
5	314
5	320
5	323
5	409
5	479
5	484
5	491
5	492
5	496
5	497
5	500
5	509
5	528
5	579
5	591
5	630
5	632
5	643
5	653
5	724
5	728
5	781
5	817
5	825
5	831
5	861
5	900
5	995
6	7
6	8
6	11
6	13
6	17
6	30
6	44
6	49
6	65
6	75
6	80
6	82
6	88
6	90
6	107
6	108
6	115
6	132
6	134
6	142
6	159
6	167
6	177
6	180
6	190
6	197
6	228
6	231
6	295
6	296
6	302
6	313
6	314
6	316
6	330
6	338
6	363
6	367
6	390
6	414
6	435
6	453
6	468
6	470
6	474
6	503
6	573
6	616
6	632
6	644
6	670
6	695
6	713
6	755
6	777
6	815
6	830
6	836
6	856
6	864
6	915
7	9
7	10
7	17
7	18
7	23
7	24
7	26
7	28
7	45
7	46
7	51
7	59
7	63
7	73
7	95
7	99
7	102
7	108
7	113
7	141
7	143
7	192
7	208
7	224
7	308
7	339
7	368
7	369
7	372
7	393
7	441
7	474
7	490
7	509
7	536
7	540
7	542
7	547
7	632
7	645
7	656
7	738
7	796
7	815
7	874
7	901
7	949
8	10
8	14
8	18
8	19
8	22
8	23
8	26
8	35
8	37
8	39
8	41
8	47
8	48
8	52
8	55
8	57
8	58
8	70
8	72
8	79
8	114
8	138
8	145
8	157
8	174
8	176
8	183
8	200
8	211
8	217
8	227
8	232
8	250
8	281
8	305
8	318
8	326
8	352
8	364
8	369
8	379
8	406
8	432
8	459
8	474
8	492
8	493
8	519
8	525
8	532
8	554
8	558
8	579
8	589
8	600
8	601
8	605
8	634
8	663
8	705
8	743
8	749
8	750
8	782
8	819
8	905
9	12
9	13
9	14
9	17
9	20
9	21
9	24
9	26
9	33
9	35
9	38
9	39
9	40
9	45
9	50
9	53
9	54
9	57
9	68
9	70
9	72
9	89
9	93
9	96
9	104
9	107
9	110
9	112
9	115
9	123
9	132
9	139
9	155
9	160
9	171
9	174
9	183
9	190
9	192
9	195
9	202
9	210
9	216
9	221
9	222
9	229
9	235
9	247
9	283
9	295
9	298
9	300
9	302
9	309
9	315
9	324
9	339
9	355
9	368
9	372
9	379
9	386
9	389
9	393
9	399
9	410
9	411
9	420
9	438
9	444
9	501
9	520
9	522
9	557
9	568
9	580
9	594
9	597
9	620
9	625
9	630
9	635
9	642
9	648
9	655
9	668
9	673
9	734
9	739
9	761
9	798
9	806
9	809
9	829
9	869
9	881
9	914
9	939
9	951
9	956
10	12
10	16
10	39
10	40
10	48
10	54
10	64
10	83
10	92
10	98
10	105
10	123
10	153
10	201
10	250
10	251
10	265
10	340
10	376
10	382
10	411
10	478
10	525
10	558
10	612
10	639
10	650
10	676
10	738
10	758
10	850
10	891
11	14
11	22
11	27
11	29
11	31
11	32
11	35
11	39
11	52
11	56
11	60
11	68
11	89
11	101
11	105
11	109
11	119
11	121
11	127
11	154
11	162
11	164
11	181
11	199
11	202
11	209
11	212
11	227
11	237
11	247
11	253
11	256
11	288
11	327
11	373
11	374
11	377
11	390
11	428
11	429
11	511
11	532
11	621
11	682
11	700
11	701
11	725
11	757
11	762
11	791
11	795
11	873
11	912
11	929
11	943
11	969
12	14
12	25
12	27
12	28
12	30
12	38
12	41
12	55
12	81
12	87
12	134
12	203
12	219
12	224
12	275
12	288
12	310
12	444
12	446
12	478
12	527
12	560
12	588
12	609
12	653
12	678
12	708
12	770
12	820
12	890
12	990
13	16
13	19
13	20
13	21
13	24
13	25
13	28
13	32
13	50
13	69
13	70
13	73
13	74
13	101
13	113
13	140
13	195
13	226
13	229
13	243
13	289
13	302
13	309
13	327
13	402
13	411
13	419
13	436
13	492
13	496
13	504
13	512
13	592
13	599
13	602
13	654
13	661
13	706
13	754
13	851
13	858
13	868
13	892
13	936
13	945
13	960
13	976
14	15
14	16
14	25
14	29
14	41
14	47
14	65
14	67
14	70
14	81
14	122
14	188
14	195
14	197
14	201
14	207
14	209
14	230
14	232
14	250
14	259
14	260
14	296
14	306
14	371
14	458
14	527
14	530
14	535
14	652
14	749
14	797
14	828
14	845
14	876
14	997
15	18
15	27
15	28
15	63
15	93
15	96
15	104
15	117
15	127
15	153
15	173
15	174
15	179
15	199
15	200
15	203
15	224
15	237
15	272
15	312
15	322
15	340
15	359
15	369
15	442
15	454
15	456
15	481
15	530
15	574
15	602
15	606
15	627
15	642
15	775
15	861
15	866
15	885
15	897
15	915
15	916
15	973
15	979
16	19
16	34
16	177
16	210
16	370
16	411
16	413
16	493
16	519
16	767
16	804
16	964
16	975
17	20
17	22
17	23
17	29
17	34
17	52
17	56
17	58
17	62
17	70
17	71
17	82
17	87
17	99
17	100
17	103
17	128
17	131
17	132
17	136
17	178
17	198
17	217
17	254
17	268
17	292
17	307
17	312
17	338
17	360
17	375
17	387
17	391
17	541
17	554
17	559
17	580
17	667
17	783
17	805
17	832
17	848
17	850
17	872
17	902
17	908
17	929
17	994
18	26
18	42
18	45
18	91
18	95
18	125
18	151
18	214
18	215
18	243
18	267
18	306
18	421
18	491
18	521
18	575
18	819
18	925
19	31
19	38
19	101
19	157
19	158
19	194
19	201
19	259
19	269
19	312
19	372
19	403
19	451
19	472
19	551
19	584
19	642
19	795
19	840
20	43
20	47
20	55
20	112
20	121
20	191
20	226
20	230
20	246
20	250
20	284
20	316
20	393
20	416
20	429
20	447
20	550
20	622
20	724
20	760
20	786
20	788
20	802
20	814
20	851
20	922
20	948
21	23
21	36
21	37
21	83
21	91
21	106
21	119
21	123
21	139
21	146
21	392
21	465
21	500
21	509
21	548
21	554
21	578
21	602
21	693
21	704
21	870
21	895
21	898
21	899
22	30
22	44
22	51
22	66
22	79
22	85
22	102
22	109
22	117
22	124
22	168
22	192
22	218
22	258
22	270
22	298
22	394
22	457
22	480
22	498
22	508
22	542
22	556
22	586
22	601
22	677
22	717
22	719
22	739
22	751
22	801
22	855
22	865
22	892
22	893
22	908
23	60
23	61
23	109
23	137
23	144
23	148
23	185
23	187
23	215
23	236
23	251
23	348
23	370
23	563
23	747
23	849
23	894
24	51
24	68
24	74
24	127
24	134
24	159
24	161
24	173
24	185
24	190
24	233
24	242
24	249
24	337
24	349
24	391
24	425
24	436
24	462
24	506
24	544
24	553
24	567
24	568
24	580
24	647
24	650
24	827
24	845
24	994
25	26
25	29
25	46
25	53
25	78
25	149
25	159
25	189
25	206
25	209
25	220
25	222
25	260
25	298
25	319
25	329
25	344
25	364
25	366
25	372
25	463
25	465
25	477
25	535
25	546
25	594
25	679
25	980
25	992
26	33
26	36
26	40
26	54
26	66
26	68
26	72
26	87
26	93
26	127
26	142
26	154
26	185
26	223
26	232
26	234
26	247
26	278
26	289
26	304
26	388
26	407
26	434
26	441
26	445
26	448
26	463
26	494
26	568
26	667
26	785
26	818
26	873
26	971
27	51
27	59
27	61
27	68
27	72
27	84
27	87
27	89
27	90
27	121
27	168
27	182
27	208
27	216
27	232
27	253
27	257
27	259
27	270
27	301
27	317
27	342
27	397
27	412
27	440
27	454
27	495
27	515
27	683
27	719
27	720
27	779
27	788
27	843
27	906
27	950
27	992
28	42
28	48
28	58
28	62
28	66
28	73
28	76
28	78
28	116
28	128
28	133
28	163
28	187
28	230
28	252
28	275
28	321
28	365
28	408
28	471
28	476
28	514
28	521
28	529
28	545
28	569
28	621
28	631
28	648
28	665
28	722
28	813
28	870
28	945
28	969
28	977
28	999
29	37
29	58
29	198
29	235
29	352
29	506
29	630
29	691
29	891
30	31
30	44
30	49
30	51
30	53
30	73
30	75
30	82
30	83
30	84
30	98
30	102
30	104
30	110
30	112
30	117
30	119
30	134
30	141
30	167
30	199
30	248
30	253
30	273
30	293
30	294
30	394
30	452
30	459
30	464
30	478
30	520
30	539
30	555
30	581
30	617
30	625
30	669
30	719
30	752
30	847
30	886
30	890
30	914
30	921
30	963
30	965
31	83
31	86
31	96
31	133
31	156
31	170
31	181
31	186
31	188
31	196
31	197
31	259
31	299
31	341
31	353
31	407
31	439
31	461
31	473
31	540
31	555
31	569
31	584
31	618
31	636
31	728
31	740
31	819
31	822
31	879
31	881
31	960
31	971
31	991
32	52
32	156
32	157
32	158
32	161
32	169
32	239
32	268
32	270
32	293
32	301
32	310
32	315
32	342
32	352
32	374
32	412
32	426
32	449
32	452
32	468
32	519
32	579
32	599
32	920
32	956
32	989
32	999
33	48
33	62
33	110
33	111
33	213
33	417
33	471
33	498
33	584
33	681
33	712
34	80
34	123
34	151
34	163
34	254
34	305
34	330
34	408
34	483
34	489
34	490
34	527
34	543
34	568
34	716
34	803
34	851
34	928
35	48
35	54
35	63
35	81
35	86
35	93
35	100
35	103
35	119
35	131
35	141
35	150
35	153
35	170
35	173
35	180
35	245
35	261
35	271
35	276
35	304
35	339
35	343
35	360
35	373
35	416
35	439
35	476
35	581
35	621
35	657
35	681
35	695
35	761
35	762
35	774
35	920
35	922
35	955
36	43
36	47
36	76
36	87
36	122
36	184
36	235
36	267
36	286
36	375
36	387
36	403
36	475
36	504
36	515
36	517
36	534
36	603
36	611
36	664
36	692
36	755
36	758
36	842
36	846
36	884
36	886
36	964
37	41
37	42
37	46
37	79
37	112
37	126
37	246
37	303
37	335
37	342
37	406
37	509
37	603
37	614
37	651
37	669
37	764
37	808
37	833
37	908
37	940
37	952
38	41
38	100
38	258
38	366
38	367
38	646
38	726
38	754
38	878
38	948
39	53
39	64
39	69
39	71
39	77
39	165
39	172
39	217
39	241
39	268
39	304
39	321
39	403
39	452
39	466
39	538
39	654
39	687
39	731
39	852
39	866
39	996
40	141
40	184
40	228
40	397
40	468
40	484
40	590
40	688
40	756
40	957
41	46
41	49
41	57
41	60
41	66
41	94
41	97
41	139
41	164
41	175
41	227
41	233
41	267
41	309
41	315
41	323
41	328
41	332
41	377
41	384
41	496
41	508
41	541
41	561
41	564
41	574
41	617
41	727
41	778
41	814
41	922
41	943
41	978
42	61
42	80
42	196
42	216
42	266
42	311
42	329
42	353
42	397
42	415
42	418
42	590
42	627
42	715
42	852
42	867
42	871
42	941
42	958
42	974
43	76
43	128
43	186
43	193
43	203
43	211
43	285
43	428
43	640
43	776
43	811
44	52
44	88
44	92
44	104
44	135
44	154
44	181
44	237
44	255
44	283
44	350
44	400
44	474
44	501
44	644
44	663
44	671
44	682
44	804
44	807
44	829
44	834
44	845
44	847
44	879
44	890
44	906
44	912
44	938
44	946
44	966
44	972
45	62
45	99
45	109
45	245
45	288
45	398
45	587
45	622
45	691
45	707
46	136
46	144
46	194
46	204
46	256
46	285
46	337
46	346
46	385
46	412
46	434
46	443
46	685
46	762
46	802
46	968
47	90
47	122
47	130
47	303
47	322
47	342
47	557
47	575
47	661
47	970
48	56
48	95
48	124
48	422
48	425
48	427
48	452
48	463
48	507
48	516
48	610
48	641
48	697
48	776
48	923
49	61
49	77
49	103
49	107
49	379
49	585
49	594
49	600
49	755
49	861
49	907
49	921
50	60
50	75
50	108
50	291
50	363
50	469
50	478
50	480
50	576
50	697
50	844
51	60
51	78
51	91
51	119
51	158
51	188
51	191
51	206
51	231
51	255
51	263
51	273
51	277
51	304
51	308
51	323
51	388
51	707
51	792
51	811
51	831
52	58
52	106
52	139
52	152
52	179
52	226
52	281
52	301
52	311
52	331
52	332
52	395
52	524
52	564
52	575
52	657
52	681
52	708
52	740
52	750
52	760
52	871
52	872
52	952
53	69
53	85
53	96
53	129
53	138
53	147
53	180
53	189
53	279
53	291
53	601
53	627
53	727
53	827
54	57
54	62
54	142
54	151
54	155
54	188
54	191
54	198
54	228
54	230
54	243
54	257
54	305
54	380
54	448
54	489
54	499
54	542
54	550
54	608
54	640
54	642
54	697
54	775
55	67
55	74
55	77
55	95
55	97
55	111
55	120
55	124
55	129
55	137
55	150
55	162
55	163
55	206
55	208
55	219
55	235
55	242
55	258
55	378
55	410
55	430
55	431
55	457
55	547
55	549
55	551
55	571
55	575
55	598
55	611
55	622
55	626
55	640
55	770
55	814
55	842
56	94
56	215
56	309
56	321
56	476
56	504
56	567
57	71
57	74
57	85
57	94
57	101
57	110
57	114
57	120
57	135
57	147
57	220
57	222
57	237
57	242
57	245
57	251
57	290
57	358
57	381
57	415
57	419
57	429
57	529
57	565
57	604
57	625
57	636
57	644
57	684
57	690
57	694
57	713
57	812
57	838
57	844
57	850
57	903
58	69
58	72
58	89
58	135
58	152
58	223
58	245
58	261
58	268
58	297
58	299
58	320
58	410
58	579
58	618
58	634
58	646
58	666
58	741
58	749
58	766
58	913
58	975
59	88
59	153
59	167
59	344
59	395
59	430
59	580
59	696
60	85
60	662
60	691
61	79
61	130
61	147
61	148
61	157
61	238
61	380
61	456
61	464
61	606
61	624
61	790
61	810
61	982
62	66
62	131
62	144
62	169
62	173
62	257
62	331
62	356
62	365
62	462
62	511
62	593
62	605
62	653
62	722
62	750
62	859
62	883
62	927
62	974
63	120
63	218
63	270
63	387
63	512
63	537
63	699
63	721
63	922
63	961
63	981
63	988
64	67
64	112
64	127
64	128
64	131
64	133
64	172
64	204
64	228
64	252
64	264
64	331
64	358
64	399
64	453
64	455
64	482
64	544
64	611
64	769
64	822
64	869
64	876
64	887
64	947
65	275
65	310
65	595
65	790
65	978
66	113
66	117
66	122
66	161
66	162
66	178
66	182
66	217
66	273
66	445
66	854
66	967
66	983
67	80
67	110
67	244
67	287
67	344
67	432
67	467
67	544
67	546
67	693
68	78
68	82
68	84
68	214
68	357
68	378
68	462
68	870
69	86
69	106
69	114
69	149
69	284
69	312
69	435
69	566
69	605
69	805
69	952
70	82
70	106
70	218
70	240
70	243
70	250
70	290
70	313
70	386
70	436
70	518
70	610
70	623
70	646
70	835
71	96
71	125
71	131
71	137
71	205
71	213
71	249
71	281
71	287
71	354
71	467
71	475
71	510
71	534
71	641
71	676
71	800
71	816
71	990
72	171
72	191
72	429
72	560
72	731
72	949
73	184
73	356
73	516
73	529
73	567
73	586
74	97
74	125
74	300
74	684
74	731
74	959
75	88
75	113
75	166
75	207
75	225
75	373
75	376
75	400
75	466
75	619
75	639
75	651
75	663
75	671
75	674
75	884
75	983
76	145
76	159
76	197
76	419
76	531
76	567
76	570
76	578
76	585
76	707
76	726
76	799
76	834
77	86
77	91
77	94
77	138
77	170
77	258
77	301
77	531
78	164
78	180
78	191
78	236
78	244
78	265
78	280
78	332
78	339
78	396
78	437
78	458
78	466
78	536
78	563
78	590
78	595
78	659
78	701
78	738
78	951
79	81
79	84
79	86
79	136
79	143
79	189
79	206
79	216
79	297
79	386
79	404
79	433
79	497
79	543
79	577
79	682
79	684
79	696
79	772
79	798
79	824
79	830
79	882
79	887
79	901
80	101
80	102
80	122
80	201
80	262
80	371
80	437
80	441
80	737
80	865
80	898
80	999
81	92
81	118
81	163
81	172
81	183
81	251
81	262
81	277
81	394
81	447
81	683
81	689
81	825
81	885
82	124
82	144
82	165
82	176
82	187
82	264
82	361
82	529
82	537
82	688
82	861
82	918
82	923
83	202
83	214
83	254
83	377
83	463
83	537
83	576
83	696
83	698
83	884
84	88
84	109
84	121
84	177
84	214
84	267
84	269
84	291
84	327
84	431
84	443
84	500
84	664
84	730
84	748
84	826
84	904
84	924
85	104
85	115
85	116
85	143
85	165
85	169
85	174
85	183
85	211
85	225
85	228
85	299
85	306
85	335
85	364
85	375
85	391
85	407
85	414
85	421
85	485
85	512
85	524
85	561
85	594
85	618
85	637
85	645
85	653
85	694
85	717
85	732
85	762
85	823
85	863
86	129
86	205
86	240
86	365
86	455
86	528
86	695
86	714
87	126
87	152
87	249
87	251
87	298
87	312
87	318
87	340
87	366
87	433
87	435
87	564
87	574
87	643
87	695
87	722
87	785
87	897
87	983
87	985
88	98
88	114
88	186
88	196
88	315
88	438
88	616
88	624
88	768
89	120
89	196
89	255
89	331
89	420
89	491
89	612
89	655
89	834
89	860
89	884
89	935
89	987
89	995
90	145
90	310
91	105
91	113
91	115
91	207
91	259
91	279
91	346
91	489
91	646
91	776
91	803
91	915
92	114
92	129
92	148
92	213
92	278
92	533
92	541
92	915
92	982
93	132
93	325
93	352
93	422
93	578
93	652
93	716
93	756
93	775
93	788
93	813
93	816
93	825
94	118
94	281
94	285
94	334
95	108
95	118
95	162
95	178
95	229
95	231
95	236
95	273
95	381
95	410
95	514
95	591
95	593
95	686
95	694
95	757
95	782
95	786
95	931
96	97
96	102
96	103
96	185
96	320
96	366
96	589
96	619
96	630
96	734
96	849
96	899
97	231
97	290
97	388
97	420
97	427
97	435
97	439
97	449
97	552
97	706
97	735
97	805
97	978
97	984
98	135
98	152
98	232
98	327
98	343
98	502
98	526
98	651
98	797
98	862
98	920
99	179
99	212
99	575
99	720
100	225
100	257
100	299
100	325
100	356
100	402
100	404
100	426
100	753
100	966
101	130
101	156
101	207
101	244
101	325
101	398
101	424
101	571
101	658
101	773
102	103
102	142
102	192
102	219
102	235
102	246
102	290
102	485
102	698
102	721
102	722
102	799
102	865
102	878
102	975
102	985
103	160
103	171
103	172
103	213
103	215
103	220
103	422
103	470
103	524
103	528
103	545
103	552
103	591
103	619
103	759
103	764
103	768
103	883
103	913
104	222
104	266
104	319
104	362
104	563
104	597
104	636
105	108
105	115
105	145
105	244
105	275
105	302
105	490
105	518
105	536
105	789
105	794
105	804
105	843
105	911
105	993
106	354
106	973
107	246
107	249
107	341
107	363
107	401
107	447
107	483
107	578
107	592
107	635
108	150
108	168
108	271
108	357
108	406
108	426
108	434
108	502
108	548
108	566
108	572
108	607
108	652
108	753
108	763
108	794
109	149
109	764
109	781
109	789
109	811
109	899
109	936
110	188
110	409
110	546
110	797
110	837
111	121
111	123
111	155
111	160
111	209
111	240
111	248
111	272
111	284
111	447
111	508
111	615
111	687
111	692
111	794
111	797
111	868
111	984
112	200
112	212
112	220
112	225
112	239
112	282
112	498
112	534
112	535
112	625
112	681
112	714
112	733
112	808
112	934
112	978
112	987
113	175
113	555
113	680
113	763
113	784
113	862
114	116
114	383
114	385
114	461
115	300
115	389
115	424
115	459
116	150
116	159
116	166
116	241
116	279
116	292
116	313
116	417
116	554
116	565
116	587
116	698
116	711
116	720
116	752
116	780
116	785
116	846
116	905
116	910
116	914
116	947
116	952
117	132
117	164
117	177
117	211
117	233
117	399
117	444
117	448
117	461
117	486
117	517
117	537
117	554
117	557
117	731
117	881
118	128
118	359
118	371
118	437
118	445
118	673
118	730
119	279
119	324
119	394
119	456
119	601
119	950
120	138
120	194
120	240
120	464
120	572
120	623
120	670
120	733
120	769
121	150
121	295
121	873
122	125
122	182
122	205
122	225
122	338
122	503
122	619
122	624
122	664
122	715
122	813
122	933
123	135
123	137
123	166
123	173
123	176
123	190
123	227
123	229
123	274
123	275
123	277
123	322
123	338
123	445
123	498
123	598
123	678
123	734
123	739
123	750
123	754
123	820
123	821
123	919
123	954
123	987
124	134
124	147
124	253
124	282
124	289
124	600
124	723
125	271
125	398
125	797
126	179
126	184
126	239
126	276
126	307
126	376
126	381
126	431
126	570
126	791
126	807
126	879
127	221
127	337
127	354
127	454
127	470
127	708
127	727
127	755
127	779
127	897
128	155
128	186
128	280
128	359
128	373
128	616
128	669
128	709
129	143
129	193
129	262
129	328
129	704
129	715
129	733
129	743
129	879
129	998
130	166
130	303
130	319
130	409
130	746
130	748
130	921
131	253
131	428
131	493
131	560
131	956
132	280
132	362
132	520
132	691
132	720
132	780
132	924
133	161
133	216
133	242
133	272
133	278
133	374
133	741
134	140
134	703
134	723
134	759
134	899
134	996
135	146
135	165
135	195
135	338
135	364
135	413
135	490
136	257
136	323
136	408
136	538
136	604
136	718
136	864
136	883
136	903
136	916
136	940
137	140
137	146
137	230
137	241
137	254
137	260
137	308
137	382
137	413
137	439
138	143
138	160
138	294
138	320
138	500
138	522
138	550
138	582
138	787
138	853
138	866
138	928
139	527
139	594
139	751
140	333
140	479
140	613
140	743
140	747
141	175
141	274
141	278
141	283
141	299
141	608
141	726
142	266
142	291
142	503
142	506
142	686
142	934
143	168
143	222
143	238
143	374
143	401
143	453
143	614
143	633
143	645
143	715
143	857
143	874
143	936
144	146
144	156
144	337
144	361
144	451
144	573
144	607
144	613
144	668
145	205
145	210
145	382
145	487
145	507
145	510
145	584
145	851
146	189
146	336
146	357
146	368
146	370
146	515
146	619
146	631
146	693
146	702
147	151
147	162
147	269
147	355
147	496
147	524
147	635
147	689
147	702
147	810
147	911
147	919
147	994
148	174
148	361
148	658
149	212
149	218
149	231
149	261
149	276
149	303
149	311
149	539
149	548
149	549
149	597
149	605
149	748
149	910
150	153
150	179
150	268
150	332
150	420
150	424
150	581
150	643
150	649
150	932
151	382
151	526
152	172
152	241
152	246
152	247
152	308
152	442
152	502
152	523
152	558
152	685
152	852
152	880
152	975
153	204
153	315
153	424
153	609
154	169
154	282
154	284
154	345
154	475
154	593
154	855
154	919
154	939
154	996
155	160
155	176
155	182
155	252
155	269
155	373
155	531
155	684
156	208
156	256
156	288
156	326
156	454
156	469
156	722
156	730
156	800
156	848
156	900
157	276
157	286
157	393
157	400
157	503
157	679
157	686
157	831
157	842
158	185
158	193
158	221
158	293
158	416
158	469
158	727
158	892
158	961
159	170
159	351
159	442
159	454
159	857
160	287
160	304
160	321
160	690
160	749
160	888
160	979
161	276
161	359
161	475
161	492
161	729
161	889
161	895
161	957
162	283
162	341
162	436
162	479
162	764
163	621
163	647
163	740
164	177
164	223
164	393
164	525
164	587
164	590
164	679
164	821
165	350
165	499
165	796
165	850
165	877
166	358
166	439
166	515
166	547
166	666
166	669
166	739
166	787
166	830
166	866
166	896
166	974
167	334
168	181
168	195
168	434
168	468
168	511
168	648
169	204
169	238
169	260
169	396
169	448
169	930
169	998
170	199
170	297
170	355
170	395
170	421
170	467
170	614
170	688
170	711
170	844
170	860
170	870
171	184
171	189
171	200
171	202
171	217
171	220
171	269
171	285
171	309
171	391
171	402
171	423
171	445
171	460
171	477
171	481
171	523
171	580
171	623
171	636
171	658
171	772
171	937
172	175
172	193
172	198
172	215
172	271
172	316
172	337
172	577
172	845
173	591
173	600
174	223
174	717
175	224
175	273
175	345
175	596
175	657
175	950
176	480
176	806
176	846
177	192
177	213
177	306
177	775
177	812
177	838
178	290
178	396
178	406
178	840
178	882
178	910
178	963
179	196
179	199
179	252
179	277
179	335
179	378
179	381
179	383
179	395
179	484
179	525
179	700
179	730
179	818
179	835
179	897
179	981
180	204
180	221
180	284
180	668
180	764
180	784
181	800
182	349
182	983
183	289
183	325
183	379
183	392
183	462
183	463
183	588
183	617
183	670
184	234
184	367
184	492
184	602
185	350
185	520
185	553
185	602
185	640
185	644
185	947
186	239
186	415
186	432
186	540
186	598
186	664
186	790
186	815
186	833
186	836
187	226
187	307
187	318
187	332
187	360
187	473
187	478
187	531
187	582
187	665
187	688
187	703
187	900
188	224
188	240
188	248
188	300
188	453
188	485
188	487
188	553
188	596
188	711
188	912
188	940
188	942
189	207
189	211
189	285
189	297
189	316
189	472
189	596
189	737
189	886
190	286
190	317
190	347
190	545
190	767
190	794
190	798
191	320
191	487
191	504
191	588
191	740
192	957
193	297
193	298
193	323
193	418
194	263
194	497
194	529
195	236
195	326
195	334
195	418
195	430
195	484
195	486
195	491
195	513
195	523
195	735
195	803
195	909
195	953
196	293
196	480
196	507
196	628
197	335
197	440
197	483
197	494
197	511
197	605
197	657
197	699
197	770
197	856
198	370
198	592
198	626
198	650
198	818
198	857
199	329
199	513
199	552
199	985
200	324
200	369
200	379
200	615
200	673
201	263
201	409
201	843
202	313
202	631
202	692
203	386
203	465
203	510
203	629
203	809
203	861
203	960
203	975
204	343
204	360
204	418
204	464
204	774
204	927
205	347
205	351
205	441
205	446
205	501
205	505
205	595
205	777
206	305
206	348
206	502
206	671
207	392
207	425
207	616
207	724
207	813
207	891
207	893
208	527
208	966
209	218
209	385
209	473
209	725
209	839
209	909
210	526
210	907
210	958
210	977
211	274
211	347
211	348
211	423
211	466
211	573
211	576
211	684
211	694
211	707
211	801
211	903
211	988
212	239
212	272
212	286
212	301
212	446
212	520
212	674
212	729
212	745
212	756
212	901
213	294
213	370
213	399
213	428
213	540
213	556
213	742
213	793
213	947
214	419
215	283
215	389
216	219
216	245
216	264
216	336
216	347
216	471
216	628
217	296
217	367
217	733
217	807
217	826
217	885
218	364
218	366
218	383
218	388
218	494
218	568
218	607
218	832
219	247
219	292
219	368
219	449
219	521
219	586
219	624
219	967
220	260
220	289
220	415
221	457
221	639
221	863
222	237
222	432
222	535
223	362
223	898
225	233
225	256
225	265
225	319
225	365
225	405
225	437
225	462
225	618
225	736
225	763
225	771
225	859
225	923
225	992
225	999
226	341
226	442
226	493
226	496
226	549
227	448
227	457
227	513
227	833
228	252
228	398
228	469
228	472
228	702
228	777
228	830
228	905
228	909
229	344
229	408
229	414
229	452
229	970
230	319
230	340
231	314
231	423
231	501
231	671
231	712
231	726
231	813
231	820
232	358
232	394
232	435
232	503
232	509
232	661
233	263
233	390
233	542
233	716
233	769
234	280
234	307
234	577
234	592
234	672
234	727
234	801
234	871
234	892
235	274
235	310
235	378
235	498
235	658
235	729
236	248
236	263
236	422
236	427
236	539
236	556
236	660
237	551
238	249
238	512
238	533
238	598
238	610
238	711
238	775
238	911
238	944
239	267
239	440
239	569
239	904
239	933
241	255
241	689
241	836
242	292
242	345
242	377
242	673
242	707
242	964
243	425
243	444
244	264
244	672
245	262
245	271
245	334
245	455
245	667
245	683
245	941
245	972
246	279
246	336
246	371
246	441
246	582
246	596
246	705
247	371
247	533
248	343
248	346
248	351
248	358
248	401
248	747
248	925
249	353
249	635
249	788
249	837
249	883
249	948
249	964
250	430
250	450
250	459
250	460
250	465
250	505
250	597
250	629
250	662
250	819
250	824
250	874
250	915
250	995
251	261
251	327
251	416
251	493
251	573
251	723
252	433
252	472
252	783
252	926
253	563
253	589
253	714
257	302
257	400
257	455
257	517
257	665
257	756
257	757
257	869
258	392
258	421
258	576
258	593
258	656
258	683
258	745
258	761
258	810
258	879
259	281
261	385
261	396
261	471
261	507
261	510
261	518
261	604
261	858
261	917
262	314
262	346
262	349
263	272
264	329
264	468
264	686
265	362
265	438
265	543
265	728
265	800
265	913
266	291
266	699
266	989
267	317
267	477
267	482
267	513
267	559
267	659
267	725
268	282
268	345
268	355
268	361
268	384
268	450
268	459
268	604
268	638
268	700
269	343
269	375
269	450
269	453
269	458
270	696
271	421
271	447
271	533
271	970
272	314
272	325
272	335
272	404
272	409
272	412
272	460
272	521
272	587
272	648
272	729
272	810
272	875
272	893
272	972
273	530
273	647
273	658
273	697
274	457
274	742
274	821
274	828
275	295
275	344
275	347
275	653
276	404
276	449
276	617
276	643
276	674
277	317
277	351
277	357
277	828
277	831
277	844
278	516
278	561
279	293
279	532
279	731
280	517
280	572
280	724
280	752
280	763
281	326
281	353
281	354
281	418
281	451
281	470
281	767
281	811
281	892
282	604
282	710
282	918
283	306
283	311
283	328
283	456
283	741
283	795
284	365
284	401
284	479
284	508
284	544
284	778
284	807
284	944
284	962
285	294
285	326
285	413
285	978
286	381
286	584
287	333
287	390
287	405
287	427
287	586
287	608
288	407
288	682
288	853
288	911
288	938
288	990
289	313
289	551
289	666
289	767
289	991
290	307
290	562
290	734
290	735
291	318
291	333
291	475
291	486
291	490
291	585
291	598
291	612
291	641
291	688
291	815
291	824
291	953
292	317
292	458
292	815
292	884
293	563
294	488
295	547
295	564
295	666
296	946
297	786
297	796
297	823
297	832
298	389
298	597
298	612
298	629
298	880
298	912
299	340
299	387
299	558
299	779
300	362
300	440
300	494
300	500
300	530
301	355
301	651
301	685
301	855
303	316
303	565
303	841
303	859
303	870
303	896
304	308
304	311
304	488
304	537
304	667
304	803
304	825
304	937
304	986
305	356
305	372
305	486
305	538
305	988
306	345
306	416
306	505
306	808
306	886
307	349
307	713
307	967
309	392
309	397
309	419
309	430
309	514
309	562
309	574
309	583
309	599
309	761
309	874
309	876
310	497
310	502
310	524
310	623
310	706
311	348
311	396
312	376
312	516
313	342
313	380
313	555
314	420
314	677
314	784
316	321
316	330
316	380
316	405
316	432
316	535
316	670
317	348
318	666
318	858
319	677
320	893
321	329
321	456
321	483
321	533
321	551
321	712
321	736
321	855
322	399
322	487
322	607
322	609
322	641
322	650
322	794
322	876
323	732
323	902
324	411
324	429
324	823
324	928
325	346
325	350
325	542
325	663
326	341
326	629
326	692
326	753
327	376
327	461
327	534
327	613
327	702
327	778
327	904
328	522
329	660
329	793
329	804
330	495
330	545
330	709
330	712
330	786
330	869
330	926
330	941
330	992
331	410
331	572
332	383
332	473
332	638
332	709
333	369
334	564
334	608
334	612
334	766
334	799
335	405
335	767
335	903
336	599
336	773
336	807
336	942
337	414
337	444
337	769
337	771
337	843
337	916
338	397
338	538
338	985
338	997
339	423
339	443
339	591
339	833
340	550
340	626
340	669
341	536
342	449
342	622
342	675
342	760
342	863
343	363
343	532
343	933
343	938
344	877
345	423
345	511
345	620
345	845
346	404
346	795
347	541
347	583
347	938
347	969
348	837
349	424
349	607
349	685
350	548
350	553
350	626
350	793
351	974
352	618
352	933
352	934
352	993
353	356
353	538
353	652
354	640
354	802
354	965
355	532
356	742
356	817
356	920
356	929
357	386
357	896
358	712
358	766
359	633
360	481
360	549
361	412
361	918
361	951
363	375
363	464
363	547
363	626
363	907
363	951
365	455
365	460
365	469
365	495
365	585
365	631
365	638
365	716
365	781
365	821
365	838
366	417
366	782
366	854
367	391
367	536
367	595
367	667
367	672
367	765
367	889
368	461
368	639
368	671
368	754
369	389
369	431
369	486
369	523
369	546
369	585
369	757
369	875
370	467
370	766
370	789
371	928
372	801
372	882
373	765
373	774
373	803
373	805
373	968
373	970
373	982
374	832
375	523
375	760
375	785
376	477
376	562
376	570
376	629
376	637
376	741
376	751
376	759
376	838
377	526
377	715
377	959
378	846
380	422
380	577
380	628
380	660
380	679
380	853
380	893
381	384
381	497
382	528
382	540
382	957
383	458
383	485
383	668
383	765
383	771
383	908
383	930
384	460
384	546
384	758
384	935
384	981
385	561
385	587
385	935
386	413
386	514
386	589
386	895
387	446
387	634
388	615
389	414
389	787
390	514
391	408
391	450
391	645
391	986
392	512
392	534
392	946
392	971
392	976
393	440
393	484
393	495
393	518
393	569
393	714
393	743
393	781
394	549
394	642
394	783
394	837
394	873
394	972
394	987
395	695
395	755
395	867
396	827
398	491
398	674
398	720
398	750
398	868
399	955
401	403
401	576
401	609
401	631
401	655
401	680
401	831
401	833
401	835
402	521
402	565
402	664
402	746
403	526
403	566
403	570
403	595
403	603
403	652
403	928
403	935
403	948
404	556
404	611
404	819
404	859
405	633
405	716
405	863
405	877
407	621
407	647
407	904
408	433
408	465
408	743
408	980
409	555
409	579
409	610
409	649
409	864
410	847
410	934
411	434
411	638
411	675
411	689
411	710
411	721
411	725
411	779
411	947
414	656
414	982
414	991
415	489
415	606
415	789
416	472
416	553
416	704
416	867
416	953
418	443
418	451
418	742
419	694
420	676
421	601
421	615
421	709
421	838
422	431
422	633
422	773
422	839
423	661
423	919
424	471
424	719
424	744
424	752
425	539
425	613
425	883
426	632
426	791
426	896
427	438
427	927
428	825
429	703
431	450
431	482
431	588
431	741
431	864
431	865
433	611
433	717
433	812
434	559
434	630
434	677
434	705
434	895
435	506
435	888
436	565
436	662
436	746
436	802
436	817
436	942
436	951
436	954
436	960
437	522
439	608
440	494
440	826
442	896
442	907
443	997
444	488
444	571
445	627
445	723
445	791
446	451
446	559
446	817
446	867
448	479
448	614
448	687
448	905
448	984
449	470
451	687
451	718
451	848
451	859
453	477
453	504
453	560
453	700
453	902
454	795
455	637
456	544
457	513
457	916
458	482
458	647
458	648
458	776
458	881
458	949
459	499
459	787
459	914
459	917
460	483
461	603
462	487
462	557
462	581
463	637
463	649
463	857
464	644
464	966
464	987
466	552
466	785
466	976
467	599
467	890
467	949
469	628
472	476
472	519
473	572
474	856
474	906
475	772
475	865
475	887
477	481
477	674
477	678
478	577
478	792
479	721
479	840
479	934
479	996
480	620
481	531
481	645
481	655
482	864
484	561
485	586
485	668
485	842
488	659
488	837
489	566
489	699
489	701
489	728
489	737
489	959
489	976
490	816
491	590
493	620
493	806
494	573
494	738
495	499
495	571
495	948
496	732
496	894
497	784
497	812
497	900
498	559
498	680
498	860
498	930
499	589
499	592
499	636
499	683
499	697
499	732
499	880
499	943
499	996
500	623
500	660
500	962
501	617
501	654
501	783
501	808
501	888
504	562
504	634
504	853
505	508
505	566
505	708
505	790
505	816
506	582
506	714
506	790
506	796
506	822
507	749
507	856
507	946
508	638
510	689
510	759
511	711
513	583
513	609
513	620
513	809
513	828
514	637
514	824
514	955
515	643
515	823
515	834
515	841
515	912
515	984
516	718
516	993
518	550
518	721
518	746
519	552
519	672
519	780
519	823
520	662
520	772
521	677
522	748
523	889
524	936
526	744
527	713
528	765
528	772
529	654
531	698
532	774
532	839
533	543
533	557
533	939
533	943
533	962
534	761
534	854
537	543
537	628
537	993
539	665
539	832
541	562
541	927
543	856
544	681
544	745
544	848
544	909
544	930
545	701
546	633
546	678
546	700
546	717
546	768
546	957
548	583
548	733
548	789
549	847
549	862
549	900
549	905
550	779
550	849
550	868
550	997
551	600
551	760
551	965
552	871
554	990
554	998
555	624
555	703
555	808
555	836
555	862
555	897
556	818
556	968
557	735
558	676
558	858
559	713
559	885
560	822
560	891
561	747
561	801
561	902
562	705
563	603
563	675
563	956
564	651
564	654
565	675
566	610
566	836
567	778
567	967
568	570
568	777
568	868
568	945
569	768
569	824
570	853
571	806
572	923
573	771
574	675
574	753
574	903
575	632
576	746
576	886
576	899
577	748
577	752
577	835
578	959
578	994
579	953
581	753
581	827
582	606
584	826
584	887
584	959
585	735
586	616
587	704
587	902
588	665
588	757
588	958
589	723
591	962
592	954
593	944
596	781
598	693
598	742
598	814
601	656
601	744
602	751
602	804
602	860
602	932
604	816
604	977
605	710
606	634
608	849
610	894
611	706
611	809
612	693
612	830
612	911
613	687
613	744
613	961
614	809
615	625
616	718
616	756
617	901
619	685
619	990
620	773
620	840
620	874
620	942
621	719
621	822
622	939
623	704
623	754
623	758
623	968
624	708
625	843
625	985
626	680
628	673
628	691
628	769
628	992
629	699
629	799
629	829
630	678
630	917
633	659
633	844
633	850
634	910
635	841
637	734
638	690
638	701
639	773
640	649
640	759
640	860
642	945
643	692
644	891
645	740
645	751
645	841
646	925
647	730
647	969
647	995
648	676
648	810
648	852
648	873
648	960
650	690
650	828
651	662
652	932
653	907
655	885
656	953
658	876
658	965
660	679
660	706
660	858
660	925
661	702
661	770
661	888
661	963
662	680
662	847
664	732
667	682
669	783
669	931
670	875
675	906
675	970
678	709
678	729
678	736
678	800
678	872
680	737
680	877
682	894
683	796
683	881
684	924
686	792
686	875
686	997
687	780
687	829
688	792
688	854
690	867
691	728
691	877
691	933
692	696
692	784
694	718
695	835
696	771
698	926
701	792
702	710
702	820
702	937
708	805
708	973
711	774
711	878
712	848
715	776
716	971
717	979
719	937
720	908
723	744
726	802
727	758
727	889
727	965
727	966
729	916
729	973
730	839
730	931
731	878
734	780
736	762
736	766
738	846
739	841
739	950
740	931
741	786
742	821
742	880
748	854
748	986
749	878
751	812
752	991
753	798
753	927
753	961
755	782
758	817
758	901
758	944
761	898
761	989
765	936
765	980
766	871
770	791
770	829
771	862
771	872
773	921
779	793
779	955
780	798
782	972
788	827
790	969
791	935
793	988
796	944
799	998
801	849
801	909
803	910
810	986
812	875
812	998
815	906
816	872
816	958
817	852
817	949
820	977
820	980
821	945
822	940
824	898
825	895
826	974
827	962
827	983
828	869
828	967
832	973
834	980
836	963
845	941
846	923
847	958
848	954
857	866
857	914
858	887
860	984
864	993
872	924
872	986
877	938
879	943
879	988
879	994
883	989
885	917
885	920
886	921
887	995
888	926
888	954
902	926
902	937
903	950
908	956
912	922
914	942
916	946
923	925
927	932
930	999
935	940
942	977
952	979
960	971
975	976
