# Undirected graph (each unordered pair of nodes is saved once): G_pa.txt_200
# Nodes: 200 Edges: 985
# NodeId	NodeId
0	1
0	2
0	3
0	4
0	5
0	7
0	9
0	12
0	14
0	16
0	17
0	22
0	24
0	25
0	28
0	32
0	33
0	43
0	48
0	50
0	60
0	64
0	65
0	66
0	82
0	103
0	109
0	125
0	135
0	145
0	165
0	169
0	172
0	182
0	183
0	189
1	2
1	3
1	4
1	5
1	6
1	7
1	8
1	9
1	10
1	12
1	13
1	15
1	16
1	17
1	23
1	26
1	29
1	33
1	37
1	40
1	41
1	43
1	47
1	48
1	49
1	50
1	52
1	54
1	59
1	62
1	69
1	78
1	79
1	95
1	100
1	109
1	111
1	114
1	116
1	123
1	134
1	149
1	151
1	162
1	167
1	169
1	174
1	194
2	3
2	4
2	5
2	6
2	8
2	9
2	11
2	12
2	13
2	25
2	27
2	35
2	44
2	52
2	68
2	73
2	99
2	111
2	113
2	137
2	145
2	189
2	194
3	4
3	5
3	6
3	7
3	8
3	19
3	21
3	32
3	41
3	51
3	53
3	66
3	74
3	81
3	87
3	89
3	91
3	96
3	97
3	99
3	102
3	109
3	116
3	117
3	129
3	135
3	153
3	173
3	196
4	5
4	6
4	7
4	9
4	10
4	12
4	13
4	14
4	15
4	16
4	17
4	18
4	19
4	20
4	23
4	24
4	25
4	29
4	30
4	33
4	38
4	42
4	45
4	54
4	55
4	61
4	63
4	64
4	68
4	70
4	81
4	84
4	87
4	104
4	124
4	126
4	135
4	136
4	137
4	147
4	161
4	164
4	192
4	195
5	6
5	7
5	8
5	11
5	16
5	54
5	70
5	83
5	106
5	110
5	126
5	180
6	8
6	9
6	11
6	14
6	18
6	20
6	25
6	32
6	35
6	36
6	38
6	39
6	47
6	55
6	71
6	85
6	106
6	118
6	121
6	139
6	144
6	155
6	165
6	170
6	173
6	183
6	185
7	10
7	12
7	14
7	18
7	19
7	20
7	46
7	56
7	65
7	67
7	75
7	82
7	90
7	98
7	101
7	128
7	130
7	144
7	149
7	170
7	174
8	10
8	16
8	19
8	21
8	46
8	50
8	69
8	76
8	93
8	103
8	107
8	111
8	126
8	155
8	176
8	190
8	195
8	197
8	199
9	10
9	11
9	13
9	18
9	23
9	26
9	27
9	34
9	36
9	38
9	39
9	43
9	51
9	58
9	69
9	77
9	78
9	92
9	93
9	94
9	95
9	96
9	100
9	115
9	144
9	149
9	166
9	172
9	178
9	184
9	198
10	11
10	14
10	17
10	18
10	20
10	26
10	28
10	31
10	34
10	35
10	40
10	43
10	45
10	56
10	59
10	60
10	61
10	72
10	75
10	95
10	96
10	109
10	123
10	127
10	178
10	185
10	193
11	13
11	27
11	31
11	49
11	54
11	57
11	72
11	85
11	136
11	152
11	177
11	183
11	198
12	15
12	21
12	28
12	38
12	41
12	58
12	97
12	104
12	115
12	117
12	127
12	165
12	174
12	184
12	192
13	15
13	21
13	24
13	51
13	58
13	67
13	78
13	86
13	108
13	112
13	128
13	151
13	177
13	180
14	15
14	22
14	24
14	35
14	50
14	54
14	60
14	61
14	71
14	80
14	110
14	111
14	116
14	117
14	125
14	127
14	143
14	157
14	181
14	184
15	24
15	29
15	31
15	32
15	49
15	56
15	59
15	63
15	64
15	79
15	83
15	99
15	100
15	113
15	145
15	156
15	161
15	173
15	186
16	17
16	30
16	31
16	34
16	39
16	41
16	48
16	52
16	53
16	85
16	88
16	105
16	154
16	158
16	194
17	19
17	22
17	29
17	36
17	40
17	44
17	83
17	87
17	93
17	102
17	112
17	126
17	150
17	152
17	175
17	192
18	22
18	30
18	39
18	48
18	57
18	58
18	94
18	97
18	99
18	104
18	139
18	159
19	20
19	21
19	23
19	28
19	31
19	42
19	81
19	84
19	92
19	97
19	120
19	122
19	131
19	141
19	144
19	150
19	188
19	197
20	22
20	27
20	28
20	33
20	34
20	49
20	52
20	62
20	89
20	98
20	122
20	140
20	178
21	23
21	25
21	37
21	44
21	47
21	56
21	68
21	82
21	137
21	147
21	175
21	189
22	26
22	44
22	45
22	46
22	47
22	56
22	74
22	77
22	81
22	94
22	102
22	122
22	127
22	129
22	133
22	134
22	140
22	148
22	163
22	170
22	177
23	32
23	37
23	42
23	51
23	65
23	86
23	93
23	118
23	132
23	164
23	166
23	182
23	190
24	26
24	27
24	29
24	30
24	35
24	50
24	58
24	60
24	66
24	69
24	76
24	100
24	114
24	116
24	128
24	137
24	146
24	186
25	33
25	38
25	42
25	71
25	113
25	119
25	186
25	199
26	36
26	42
26	65
26	66
26	71
26	107
26	118
26	155
26	176
26	191
27	125
27	183
28	30
28	36
28	37
28	46
28	62
28	70
28	110
28	159
28	185
28	191
29	37
29	43
29	45
29	52
29	55
29	75
29	77
29	86
29	106
29	119
29	138
29	171
29	186
29	195
30	34
30	45
30	57
30	161
30	174
31	39
31	66
31	86
31	95
31	101
31	107
31	108
31	136
31	145
31	147
31	172
31	188
31	199
32	44
32	67
32	74
32	169
33	75
33	94
33	110
33	133
33	152
33	156
33	184
34	40
34	57
34	63
34	74
34	82
34	89
34	90
34	158
34	164
35	47
35	55
35	77
35	149
35	156
36	53
36	62
36	75
36	101
37	40
37	68
37	93
37	120
37	152
38	51
38	57
38	64
38	76
38	80
38	92
38	137
39	41
39	46
39	55
39	59
39	67
39	69
39	73
39	107
39	112
39	114
39	121
39	148
39	150
39	167
39	187
40	61
40	112
40	130
40	131
40	146
40	187
40	198
41	100
41	121
41	144
41	161
41	171
42	91
42	101
42	103
42	142
43	48
43	80
43	98
43	172
44	84
44	96
44	118
44	153
45	53
45	72
45	102
45	159
46	49
46	79
46	88
46	155
47	64
47	87
47	166
47	197
48	135
49	90
49	109
49	112
49	123
49	130
49	132
49	147
49	160
49	168
49	176
50	62
50	63
50	78
50	88
50	97
50	108
50	130
50	133
50	154
50	158
51	81
51	151
51	163
52	53
52	104
52	110
52	124
52	132
52	138
52	179
52	182
53	59
53	79
53	106
54	72
54	83
54	87
54	88
54	103
54	105
54	134
54	139
54	148
54	151
54	176
54	186
55	63
55	99
55	107
55	108
55	155
55	177
56	60
56	61
56	68
56	120
56	138
56	154
56	162
56	163
56	187
57	65
57	74
57	77
57	83
57	105
57	122
57	161
57	166
57	182
57	189
58	195
59	70
59	88
59	91
59	121
59	125
59	168
59	175
59	180
60	78
60	89
61	167
61	193
62	71
62	89
62	138
62	162
62	175
62	177
63	67
63	70
63	73
63	76
63	98
63	115
63	131
63	140
63	142
63	164
63	169
63	175
64	80
64	102
65	163
65	190
65	191
66	90
66	104
66	134
66	142
66	173
67	113
67	168
67	179
68	72
68	73
68	80
68	85
68	86
68	114
68	117
68	120
68	196
69	165
70	85
70	92
70	143
70	185
71	73
71	92
71	103
71	105
71	133
71	148
71	181
72	96
72	158
72	170
73	173
73	180
74	94
74	105
74	124
74	156
74	158
74	193
75	76
75	79
75	136
75	172
76	115
76	184
77	82
77	101
78	84
79	130
79	148
80	124
80	162
81	84
82	91
82	188
83	90
83	91
83	119
83	146
83	153
83	198
84	129
85	152
85	157
85	194
86	141
86	179
87	134
89	121
89	156
89	178
90	106
91	95
91	118
91	123
93	138
93	141
93	143
94	113
95	98
95	111
95	129
95	142
95	153
95	168
95	197
96	117
96	160
96	193
96	196
97	114
97	143
97	179
98	108
98	131
98	133
98	140
98	147
98	149
98	167
98	170
98	196
99	141
99	182
100	119
102	187
103	119
104	126
106	116
107	198
108	115
108	132
109	127
109	159
109	181
110	123
110	131
110	160
113	125
113	146
114	124
115	120
115	150
115	163
116	132
116	135
116	154
116	178
118	122
119	128
119	145
119	146
120	176
121	128
121	157
121	192
122	129
122	139
122	171
123	142
123	188
124	160
124	167
126	136
126	150
127	190
128	140
128	141
129	165
129	199
133	139
133	143
133	169
133	183
134	171
134	192
135	195
136	171
138	151
138	154
140	164
140	174
144	179
144	199
145	196
146	168
146	185
149	153
149	181
152	157
152	162
153	159
154	189
156	157
158	160
158	166
159	191
172	194
173	191
174	180
176	181
179	197
181	187
181	193
185	188
187	190
