# Directed graph: G_rmat_1000.txt 
# Nodes: 1000 Edges: 5000
# FromNodeId	ToNodeId
0	1
0	3
0	5
0	6
0	7
0	9
0	11
0	15
0	16
0	17
0	19
0	27
0	31
0	32
0	33
0	34
0	36
0	39
0	40
0	42
0	46
0	47
0	48
0	50
0	54
0	55
0	58
0	62
0	63
0	69
0	70
0	77
0	79
0	88
0	93
0	102
0	107
0	109
0	110
0	121
0	125
0	131
0	132
0	133
0	134
0	136
0	148
0	152
0	156
0	157
0	158
0	159
0	163
0	164
0	171
0	172
0	175
0	187
0	189
0	190
0	194
0	222
0	234
0	250
0	253
0	255
0	257
0	259
0	260
0	265
0	267
0	273
0	281
0	282
0	284
0	285
0	296
0	298
0	300
0	301
0	305
0	312
0	313
0	319
0	327
0	343
0	345
0	375
0	380
0	406
0	407
0	415
0	421
0	437
0	438
0	446
0	452
0	468
0	500
0	501
0	503
0	505
0	507
0	509
0	510
0	511
0	513
0	515
0	518
0	519
0	521
0	525
0	527
0	531
0	532
0	533
0	534
0	538
0	540
0	542
0	543
0	546
0	548
0	550
0	554
0	562
0	563
0	565
0	571
0	572
0	577
0	583
0	584
0	585
0	589
0	591
0	593
0	597
0	601
0	607
0	609
0	613
0	623
0	625
0	626
0	628
0	630
0	632
0	640
0	641
0	649
0	656
0	657
0	659
0	665
0	667
0	671
0	677
0	679
0	687
0	688
0	692
0	694
0	706
0	724
0	726
0	728
0	750
0	751
0	753
0	757
0	758
0	759
0	760
0	761
0	765
0	766
0	767
0	769
0	773
0	777
0	781
0	782
0	786
0	792
0	812
0	813
0	815
0	826
0	827
0	843
0	845
0	860
0	869
0	875
0	878
0	883
0	884
0	886
0	913
0	921
0	925
0	926
0	937
0	952
0	992
1	0
1	3
1	7
1	15
1	31
1	35
1	42
1	46
1	47
1	50
1	54
1	93
1	109
1	125
1	144
1	156
1	187
1	202
1	238
1	265
1	281
1	312
1	382
1	452
1	500
1	501
1	507
1	511
1	512
1	515
1	516
1	531
1	541
1	546
1	550
1	556
1	562
1	582
1	614
1	625
1	640
1	657
1	687
1	750
1	754
1	765
1	843
1	890
1	906
2	0
2	1
2	31
2	50
2	62
2	125
2	261
2	281
2	375
2	379
2	484
2	500
2	503
2	511
2	515
2	531
2	609
2	613
2	663
2	664
2	702
2	710
2	751
2	875
2	878
2	929
3	0
3	1
3	5
3	7
3	8
3	10
3	15
3	17
3	23
3	24
3	31
3	39
3	46
3	62
3	69
3	72
3	77
3	93
3	109
3	125
3	127
3	156
3	234
3	250
3	253
3	281
3	282
3	298
3	304
3	312
3	335
3	382
3	391
3	414
3	455
3	500
3	508
3	509
3	515
3	517
3	531
3	532
3	538
3	548
3	549
3	562
3	577
3	593
3	595
3	603
3	632
3	634
3	657
3	658
3	664
3	687
3	690
3	702
3	750
3	752
3	757
3	758
3	775
3	782
3	788
3	812
3	819
3	843
3	851
3	854
3	867
3	882
3	898
3	906
3	907
4	0
4	1
4	7
4	9
4	31
4	38
4	40
4	62
4	93
4	125
4	126
4	171
4	187
4	218
4	259
4	273
4	343
4	359
4	375
4	406
4	501
4	506
4	507
4	515
4	531
4	532
4	579
4	625
4	781
4	798
4	819
4	882
4	992
5	16
5	39
5	46
5	94
5	117
5	250
5	273
5	351
5	367
5	429
5	452
5	500
5	507
5	531
5	538
5	562
5	586
5	640
5	687
5	750
5	757
5	789
6	0
6	23
6	31
6	171
6	265
6	288
6	406
6	500
6	507
6	750
7	0
7	15
7	20
7	31
7	32
7	50
7	62
7	65
7	93
7	125
7	132
7	142
7	156
7	161
7	162
7	187
7	265
7	268
7	281
7	375
7	394
7	500
7	501
7	502
7	505
7	515
7	516
7	517
7	531
7	532
7	534
7	546
7	562
7	578
7	593
7	596
7	597
7	609
7	625
7	632
7	657
7	671
7	672
7	687
7	769
7	781
7	843
7	881
7	912
8	0
8	1
8	15
8	31
8	32
8	62
8	66
8	81
8	95
8	156
8	159
8	171
8	218
8	265
8	281
8	302
8	312
8	437
8	438
8	500
8	503
8	521
8	531
8	532
8	536
8	548
8	562
8	593
8	609
8	628
8	656
8	694
8	750
8	845
8	847
8	865
8	882
9	31
9	34
9	62
9	93
9	128
9	187
9	281
9	500
9	548
9	562
9	568
9	614
9	661
9	750
9	753
10	15
10	62
10	265
10	501
10	503
10	550
10	562
10	632
10	687
10	738
10	750
10	765
11	0
11	1
11	2
11	31
11	63
11	94
11	125
11	156
11	171
11	250
11	265
11	312
11	500
11	505
11	531
11	533
11	562
11	577
11	640
11	656
11	750
11	783
11	876
11	968
11	976
12	1
12	15
12	46
12	156
12	224
12	250
12	500
12	501
12	531
12	548
12	563
12	626
12	750
13	0
13	319
13	500
13	581
13	593
13	781
14	46
14	531
14	812
15	0
15	1
15	3
15	5
15	31
15	32
15	34
15	36
15	38
15	42
15	46
15	62
15	69
15	71
15	73
15	77
15	93
15	102
15	103
15	105
15	125
15	132
15	133
15	156
15	218
15	226
15	228
15	250
15	253
15	284
15	291
15	312
15	353
15	375
15	378
15	406
15	409
15	437
15	454
15	500
15	503
15	507
15	508
15	509
15	515
15	531
15	532
15	537
15	538
15	540
15	542
15	544
15	562
15	563
15	570
15	594
15	601
15	626
15	657
15	659
15	687
15	698
15	730
15	750
15	751
15	753
15	781
15	784
15	789
15	823
15	875
15	906
15	907
15	910
16	0
16	1
16	5
16	15
16	23
16	31
16	36
16	93
16	156
16	250
16	253
16	257
16	281
16	321
16	500
16	503
16	507
16	531
16	534
16	542
16	571
16	593
16	687
16	688
16	751
16	781
16	788
17	0
17	96
17	257
17	281
17	312
17	409
17	468
17	501
17	531
17	547
17	562
17	566
17	597
17	632
17	750
17	758
17	875
17	906
17	980
18	31
18	187
18	253
18	406
18	531
18	534
18	625
18	663
18	906
19	0
19	9
19	31
19	62
19	69
19	93
19	156
19	218
19	224
19	250
19	266
19	406
19	500
19	507
19	509
19	531
19	562
19	626
19	687
19	727
19	751
19	757
19	785
19	877
19	882
19	906
19	952
20	38
20	156
20	250
20	281
20	500
20	501
20	531
20	538
20	563
20	788
20	819
20	845
20	882
21	7
21	62
21	164
21	538
21	562
21	593
22	282
22	312
22	750
22	788
23	0
23	31
23	32
23	62
23	73
23	128
23	130
23	252
23	345
23	500
23	531
23	594
23	625
23	750
23	784
23	812
23	813
23	875
24	31
24	38
24	105
24	255
24	500
24	625
24	875
25	31
25	95
25	97
25	125
25	253
25	281
25	503
25	534
25	750
26	3
26	64
26	656
26	812
27	125
27	156
27	218
27	282
27	500
27	632
27	656
27	750
27	781
28	109
28	532
28	781
29	656
29	788
31	0
31	1
31	3
31	5
31	7
31	9
31	15
31	16
31	17
31	19
31	23
31	25
31	34
31	63
31	67
31	70
31	77
31	125
31	126
31	132
31	134
31	143
31	150
31	187
31	193
31	210
31	250
31	251
31	252
31	257
31	260
31	265
31	266
31	312
31	375
31	376
31	383
31	390
31	394
31	500
31	501
31	502
31	503
31	505
31	507
31	508
31	509
31	511
31	515
31	517
31	523
31	527
31	531
31	562
31	563
31	569
31	570
31	572
31	585
31	625
31	626
31	627
31	630
31	632
31	640
31	652
31	687
31	694
31	710
31	750
31	751
31	754
31	761
31	765
31	769
31	777
31	812
31	890
31	957
32	0
32	7
32	15
32	19
32	23
32	62
32	65
32	74
32	77
32	125
32	126
32	140
32	194
32	207
32	253
32	269
32	273
32	515
32	562
32	570
32	589
32	687
32	812
32	820
32	890
32	953
33	3
33	7
33	70
33	136
33	250
33	253
33	269
33	277
33	500
33	581
33	625
33	750
33	875
34	0
34	9
34	16
34	86
34	133
34	250
34	257
34	258
34	265
34	375
34	382
34	384
34	500
34	507
34	515
34	517
34	531
34	585
34	652
34	704
34	751
34	769
34	812
35	9
35	62
35	77
35	125
35	126
35	500
35	501
35	507
35	688
35	750
35	813
36	0
36	7
36	406
36	500
36	577
36	875
37	327
37	500
38	0
38	2
38	15
38	17
38	126
38	144
38	250
38	269
38	315
38	321
38	505
38	506
38	516
38	563
38	625
38	626
38	628
38	640
38	752
38	753
38	765
38	815
38	827
39	0
39	1
39	3
39	15
39	251
39	500
39	562
39	625
40	140
40	375
40	437
41	0
41	500
42	0
42	47
42	62
42	132
42	144
42	375
42	500
42	519
42	625
42	766
43	15
43	62
43	188
43	515
43	625
43	687
43	750
44	0
44	15
44	452
45	500
46	0
46	4
46	5
46	7
46	9
46	62
46	64
46	67
46	136
46	250
46	376
46	437
46	500
46	505
46	506
46	507
46	512
46	569
46	571
46	625
46	632
46	635
46	687
46	750
46	754
46	815
47	7
47	62
47	125
47	250
47	500
47	507
47	625
47	750
47	759
48	0
48	125
48	250
48	500
48	503
48	531
48	534
48	625
48	750
48	914
49	0
49	62
49	500
50	0
50	62
50	375
50	500
50	501
50	505
50	507
50	750
50	812
51	0
51	31
51	125
51	187
51	500
51	507
52	0
53	625
54	0
54	127
54	500
54	502
54	503
54	505
54	752
55	0
55	501
55	886
56	253
56	312
56	698
57	628
58	0
59	625
60	0
60	125
60	500
62	0
62	1
62	2
62	3
62	4
62	5
62	7
62	9
62	11
62	15
62	17
62	18
62	19
62	21
62	22
62	23
62	24
62	27
62	31
62	32
62	34
62	36
62	40
62	45
62	46
62	48
62	58
62	59
62	60
62	74
62	77
62	78
62	125
62	126
62	129
62	132
62	140
62	142
62	148
62	151
62	156
62	163
62	167
62	174
62	218
62	250
62	251
62	253
62	257
62	259
62	265
62	269
62	275
62	281
62	283
62	286
62	302
62	304
62	375
62	378
62	386
62	390
62	391
62	406
62	409
62	413
62	421
62	437
62	500
62	501
62	503
62	504
62	505
62	507
62	508
62	511
62	515
62	517
62	519
62	521
62	523
62	524
62	531
62	532
62	534
62	535
62	536
62	537
62	538
62	539
62	540
62	544
62	546
62	548
62	558
62	569
62	593
62	625
62	626
62	628
62	630
62	632
62	640
62	644
62	646
62	648
62	656
62	657
62	663
62	664
62	674
62	675
62	679
62	750
62	751
62	754
62	757
62	765
62	769
62	781
62	782
62	783
62	784
62	785
62	788
62	791
62	792
62	801
62	810
62	814
62	875
62	883
62	900
62	906
62	909
62	913
62	923
63	0
63	11
63	15
63	16
63	19
63	31
63	34
63	46
63	54
63	69
63	149
63	160
63	167
63	175
63	202
63	218
63	258
63	261
63	273
63	281
63	375
63	383
63	406
63	410
63	500
63	507
63	509
63	516
63	531
63	535
63	538
63	632
63	636
63	640
63	750
63	753
63	757
63	769
63	792
63	875
64	7
64	39
64	46
64	77
64	134
64	156
64	421
64	503
64	507
64	531
64	544
64	546
64	632
64	750
65	0
65	1
65	15
65	23
65	38
65	39
65	46
65	54
65	125
65	132
65	156
65	171
65	250
65	267
65	282
65	296
65	297
65	390
65	406
65	407
65	413
65	500
65	501
65	506
65	507
65	508
65	509
65	515
65	531
65	532
65	538
65	546
65	547
65	640
65	656
65	663
65	750
65	752
65	757
65	766
65	784
65	788
65	796
65	875
65	890
65	899
65	906
65	914
65	938
66	23
66	31
66	32
66	40
66	156
66	250
66	259
66	292
66	297
66	515
66	531
66	532
66	546
66	634
66	642
66	788
67	0
67	1
67	3
67	15
67	281
67	515
67	524
67	531
67	534
67	546
67	728
67	918
67	921
68	7
68	23
68	157
68	296
68	500
68	750
68	781
69	0
69	6
69	7
69	15
69	19
69	31
69	34
69	46
69	50
69	125
69	141
69	144
69	163
69	171
69	250
69	253
69	265
69	267
69	268
69	271
69	281
69	306
69	375
69	406
69	500
69	516
69	519
69	520
69	531
69	534
69	546
69	609
69	641
69	750
69	781
69	784
69	792
69	923
70	7
70	33
70	128
70	156
70	250
70	281
70	284
70	296
70	421
70	500
70	501
70	505
70	517
70	525
70	531
70	534
70	536
70	546
70	626
70	643
70	800
70	875
70	906
71	47
71	125
71	257
71	281
71	421
71	500
71	503
71	531
71	534
71	641
71	765
72	34
72	142
72	250
72	265
72	546
72	750
72	796
73	0
73	15
73	31
73	125
73	500
73	501
73	531
73	532
73	547
73	672
73	875
73	876
74	0
74	500
74	515
74	546
74	640
74	656
75	142
75	500
76	54
77	0
77	31
77	34
77	36
77	38
77	39
77	40
77	62
77	125
77	126
77	128
77	156
77	157
77	190
77	257
77	260
77	281
77	290
77	320
77	379
77	416
77	500
77	501
77	504
77	531
77	534
77	538
77	541
77	569
77	625
77	628
77	656
77	750
77	751
77	752
77	781
77	875
77	882
77	886
77	906
77	909
78	0
78	7
78	31
78	34
78	38
78	125
78	128
78	130
78	250
78	253
78	257
78	263
78	500
78	531
78	532
78	534
78	538
78	542
78	628
78	634
78	750
78	757
78	875
78	906
79	0
79	31
79	34
79	39
79	42
79	52
79	125
79	132
79	159
79	508
79	511
79	629
79	663
79	664
79	750
79	757
79	788
79	796
80	0
80	3
80	251
80	538
80	546
80	663
80	750
80	875
81	0
81	7
81	18
81	31
81	38
81	125
81	250
81	375
81	500
81	507
81	625
81	750
81	783
81	906
81	915
82	0
82	3
82	40
82	250
82	257
82	288
82	507
82	531
82	538
82	663
82	750
82	788
82	906
83	0
83	38
83	444
83	500
83	507
83	750
83	781
84	125
84	281
84	288
84	500
84	531
85	0
85	1
85	15
85	31
85	250
85	500
85	540
85	601
85	625
86	1
86	31
86	750
87	31
87	500
87	531
87	750
88	781
89	31
89	283
89	500
89	531
89	876
90	7
90	251
90	500
90	751
90	790
93	0
93	3
93	5
93	7
93	12
93	15
93	17
93	24
93	27
93	34
93	109
93	125
93	128
93	136
93	138
93	140
93	148
93	150
93	192
93	250
93	253
93	257
93	275
93	319
93	378
93	500
93	501
93	504
93	509
93	515
93	523
93	625
93	626
93	632
93	640
93	753
93	754
93	763
93	765
93	900
94	0
94	1
94	5
94	7
94	9
94	15
94	19
94	125
94	148
94	250
94	257
94	278
94	378
94	500
94	501
94	503
94	511
94	515
94	625
94	636
94	680
94	757
94	876
95	0
95	7
95	15
95	19
95	141
95	265
95	503
95	515
95	625
95	750
95	765
95	882
95	894
96	77
96	257
96	282
96	632
96	750
96	898
97	0
97	17
97	50
97	125
97	126
97	132
97	140
97	250
97	251
97	252
97	265
97	274
97	296
97	500
97	501
97	515
97	625
97	640
97	876
98	0
98	15
98	126
98	500
98	515
98	517
98	882
99	15
99	132
99	626
99	628
99	633
101	8
101	16
101	140
101	253
101	265
101	269
101	517
101	521
101	625
102	144
102	376
102	500
102	515
102	755
103	0
105	0
105	500
105	501
105	875
106	0
106	140
106	765
109	0
109	4
109	7
109	125
109	258
109	261
109	500
109	503
109	531
109	625
109	750
109	753
109	757
110	0
110	1
110	125
110	126
110	250
110	500
110	503
110	625
111	31
111	500
111	503
111	531
111	625
111	750
111	887
112	0
112	875
113	0
113	7
113	500
114	382
114	632
115	500
115	752
117	0
117	2
117	140
117	500
117	518
117	750
117	765
118	128
118	750
119	125
119	500
121	500
122	501
124	0
125	0
125	1
125	3
125	4
125	6
125	7
125	13
125	15
125	16
125	17
125	19
125	23
125	27
125	31
125	32
125	42
125	46
125	47
125	48
125	50
125	54
125	58
125	62
125	63
125	67
125	73
125	77
125	85
125	89
125	93
125	95
125	101
125	105
125	107
125	109
125	135
125	138
125	156
125	159
125	250
125	251
125	253
125	255
125	257
125	265
125	273
125	275
125	281
125	282
125	283
125	288
125	296
125	297
125	298
125	308
125	312
125	327
125	343
125	345
125	351
125	361
125	500
125	501
125	502
125	504
125	505
125	507
125	511
125	515
125	516
125	519
125	527
125	531
125	532
125	534
125	538
125	546
125	550
125	554
125	558
125	562
125	563
125	569
125	577
125	585
125	587
125	593
125	594
125	597
125	599
125	602
125	620
125	625
125	626
125	656
125	663
125	750
125	757
125	758
125	765
125	784
125	790
125	796
125	812
125	823
125	843
125	851
125	863
125	867
126	0
126	4
126	7
126	8
126	11
126	27
126	31
126	34
126	38
126	39
126	54
126	55
126	69
126	114
126	140
126	250
126	281
126	285
126	296
126	304
126	372
126	390
126	500
126	507
126	512
126	515
126	531
126	546
126	617
126	750
126	766
126	781
126	805
126	859
127	7
127	69
127	77
127	93
127	250
127	315
127	468
127	507
127	523
127	804
127	827
128	0
128	1
128	23
128	31
128	32
128	48
128	50
128	56
128	62
128	79
128	88
128	118
128	125
128	156
128	257
128	265
128	273
128	281
128	282
128	327
128	500
128	505
128	507
128	509
128	531
128	656
128	750
128	781
129	1
129	7
129	31
129	171
129	288
129	312
129	327
129	500
129	525
129	531
129	532
129	782
129	796
130	0
130	38
130	250
130	265
130	297
130	327
130	406
130	500
130	531
131	281
131	359
131	538
131	593
132	0
132	1
132	3
132	31
132	32
132	51
132	65
132	79
132	109
132	234
132	267
132	270
132	281
132	345
132	500
132	501
132	515
132	517
132	531
132	532
132	546
132	625
132	690
132	754
132	765
132	781
132	812
132	813
133	0
133	19
133	48
133	97
133	140
133	253
133	281
133	500
133	501
133	503
133	517
133	525
133	548
133	550
133	788
133	843
134	0
134	15
134	31
134	50
134	62
134	265
134	266
134	343
134	440
134	500
134	562
135	62
135	503
135	517
135	531
136	0
136	17
136	32
136	33
136	46
136	49
136	93
136	251
136	343
136	500
136	501
136	531
136	546
136	547
136	752
137	501
137	765
138	110
138	281
140	0
140	3
140	7
140	13
140	31
140	32
140	62
140	69
140	93
140	97
140	250
140	259
140	281
140	284
140	323
140	500
140	501
140	503
140	510
140	523
140	531
140	532
140	534
140	562
140	569
140	571
140	593
140	594
140	601
140	625
140	750
140	753
140	759
140	781
140	786
140	788
140	812
140	845
141	0
141	3
141	31
141	62
141	65
141	69
141	93
141	156
141	220
141	281
141	312
141	500
141	501
141	507
141	531
141	546
141	784
141	812
141	852
142	9
142	31
142	93
142	250
142	281
142	500
142	531
142	781
143	159
143	500
143	507
143	562
144	0
144	8
144	31
144	49
144	85
144	96
144	321
144	406
144	500
144	510
144	531
144	571
144	761
144	781
144	843
145	0
145	38
145	69
145	93
145	250
145	751
145	757
146	7
146	257
146	281
146	289
146	500
146	906
147	31
147	500
147	531
148	0
148	31
148	62
148	65
148	254
148	343
148	344
148	406
148	500
148	531
148	540
148	781
148	815
149	63
149	65
149	67
149	500
149	563
149	565
150	281
150	531
150	593
151	250
152	31
152	104
152	312
152	500
152	501
152	597
153	781
155	593
156	0
156	3
156	7
156	9
156	11
156	15
156	17
156	21
156	23
156	25
156	59
156	62
156	69
156	74
156	77
156	125
156	140
156	250
156	253
156	257
156	261
156	265
156	268
156	272
156	273
156	312
156	318
156	324
156	331
156	500
156	501
156	503
156	505
156	506
156	508
156	512
156	515
156	519
156	523
156	526
156	531
156	562
156	569
156	577
156	581
156	633
156	750
156	751
156	753
156	755
156	765
156	777
156	818
157	3
157	4
157	15
157	62
157	65
157	69
157	257
157	265
157	266
157	527
157	565
157	648
157	766
157	812
158	3
158	257
158	265
158	503
158	507
158	538
158	765
158	823
159	0
159	1
159	8
159	9
159	10
159	11
159	15
159	16
159	24
159	62
159	187
159	250
159	257
159	500
159	502
159	517
159	577
159	750
159	751
159	765
160	0
160	1
160	19
160	501
160	765
160	812
161	508
161	562
162	0
162	515
163	0
163	15
163	62
163	77
163	126
163	312
163	562
164	0
164	250
164	501
164	503
164	509
164	515
164	750
165	265
165	769
166	250
166	500
166	577
166	781
167	1
167	250
167	312
167	501
168	1
169	500
169	562
171	1
171	3
171	4
171	16
171	65
171	69
171	250
171	251
171	501
171	502
171	504
171	750
172	1
172	500
172	501
172	759
173	7
173	62
174	125
174	507
174	750
175	8
175	34
175	267
175	500
175	501
176	250
176	500
177	23
178	62
178	250
178	759
178	812
179	250
179	504
179	750
179	756
180	1
180	501
181	0
181	3
181	7
181	312
183	250
183	500
183	501
185	62
187	0
187	1
187	3
187	4
187	5
187	8
187	11
187	15
187	16
187	25
187	31
187	32
187	34
187	37
187	38
187	39
187	44
187	46
187	48
187	50
187	62
187	156
187	250
187	253
187	258
187	259
187	265
187	281
187	284
187	288
187	290
187	292
187	296
187	300
187	304
187	359
187	500
187	501
187	503
187	507
187	515
187	517
187	519
187	523
187	524
187	527
187	531
187	536
187	538
187	542
187	544
187	546
187	548
187	554
187	571
187	593
187	601
187	664
187	751
187	757
187	759
187	767
187	771
187	781
187	783
187	788
187	796
188	31
188	33
188	46
188	47
188	54
188	81
188	250
188	270
188	335
188	500
188	503
188	507
188	516
188	523
188	527
188	531
188	546
188	781
188	796
189	31
189	34
189	250
189	507
189	532
189	546
189	675
189	815
190	0
190	1
190	17
190	31
190	40
190	46
190	47
190	48
190	251
190	259
190	281
190	282
190	288
190	516
190	531
190	546
190	547
190	758
190	759
190	765
190	782
191	1
191	15
191	23
191	31
191	54
191	281
191	500
192	2
192	31
192	46
192	258
192	500
192	531
193	46
194	0
194	18
194	31
194	47
194	77
194	156
194	265
194	500
194	511
194	515
194	517
194	546
194	548
194	597
194	781
194	875
195	0
195	31
195	251
195	500
195	515
195	534
195	750
195	769
196	3
196	17
196	31
196	531
196	656
196	796
197	25
197	515
197	546
198	0
198	1
198	265
198	500
198	501
198	531
198	750
198	781
199	0
199	255
199	501
199	531
199	812
200	31
202	0
202	3
202	7
202	31
202	38
202	39
202	40
202	42
202	43
202	257
202	281
202	286
202	500
202	504
202	507
202	531
202	539
202	625
202	628
202	659
202	750
202	758
202	781
202	794
202	798
203	12
203	31
203	32
203	38
203	501
203	531
203	532
203	538
203	781
204	23
204	31
204	500
206	0
206	31
206	157
206	531
206	750
206	788
207	531
208	0
208	7
208	126
208	250
208	538
209	187
209	288
210	0
210	31
210	250
210	256
210	531
210	534
210	754
210	781
211	0
211	531
211	538
213	534
214	0
214	1
214	56
214	534
214	750
215	250
216	31
218	0
218	1
218	8
218	9
218	15
218	23
218	132
218	251
218	265
218	500
218	501
218	507
218	509
218	515
218	519
218	523
218	628
218	757
218	766
218	776
219	0
219	7
219	17
219	500
219	507
219	515
219	516
220	62
220	250
220	507
220	508
221	250
222	0
222	9
222	16
222	141
222	250
222	315
222	500
222	507
222	750
222	767
223	0
223	1
223	15
223	273
223	750
224	570
224	757
225	500
225	507
226	0
226	15
226	27
226	265
226	500
226	501
226	507
227	515
227	671
228	0
229	500
229	750
230	250
230	500
230	750
233	7
233	750
234	0
234	11
234	250
234	253
234	257
234	750
234	753
235	125
235	500
235	534
236	0
236	500
236	766
237	11
237	750
238	0
239	757
240	7
240	62
240	250
240	508
240	750
242	250
242	503
244	31
244	62
245	0
246	2
250	0
250	1
250	3
250	5
250	7
250	8
250	11
250	15
250	31
250	34
250	36
250	38
250	42
250	46
250	48
250	61
250	62
250	63
250	69
250	70
250	77
250	89
250	93
250	109
250	114
250	121
250	125
250	126
250	128
250	132
250	134
250	152
250	157
250	171
250	172
250	187
250	220
250	226
250	234
250	267
250	345
250	429
250	500
250	501
250	504
250	507
250	509
250	515
250	516
250	517
250	519
250	531
250	532
250	534
250	537
250	538
250	541
250	546
250	548
250	550
250	551
250	552
250	559
250	562
250	563
250	565
250	566
250	594
250	610
250	626
250	632
250	640
250	644
250	656
250	657
250	663
250	687
250	694
250	723
250	726
250	742
251	0
251	11
251	15
251	16
251	19
251	23
251	31
251	62
251	77
251	97
251	98
251	133
251	156
251	159
251	219
251	344
251	500
251	501
251	507
251	511
251	531
251	547
251	577
251	625
251	664
251	907
252	0
252	62
252	97
252	144
252	171
252	515
252	531
252	538
252	565
252	571
252	628
252	672
253	0
253	1
253	7
253	8
253	9
253	31
253	33
253	38
253	46
253	49
253	63
253	69
253	77
253	80
253	94
253	125
253	126
253	156
253	157
253	194
253	226
253	257
253	500
253	507
253	515
253	517
253	531
253	532
253	564
253	603
253	648
253	656
253	657
253	671
253	781
254	26
254	40
254	69
254	163
254	179
254	507
254	515
254	534
254	569
255	0
255	31
255	38
255	47
255	125
255	500
255	577
255	702
256	46
256	77
256	202
256	242
256	531
256	609
256	656
256	746
257	0
257	2
257	4
257	16
257	31
257	34
257	35
257	62
257	500
257	503
257	523
257	531
257	534
257	595
257	718
258	0
258	1
258	19
258	46
258	97
258	119
258	128
258	156
258	501
258	546
258	562
258	597
258	627
259	31
259	32
259	140
259	343
259	515
260	109
260	546
261	1
261	125
261	156
261	187
261	267
261	500
261	594
261	595
261	663
262	0
262	31
262	500
262	674
263	78
263	141
263	577
264	156
264	515
265	0
265	3
265	7
265	31
265	32
265	33
265	39
265	46
265	63
265	156
265	218
265	254
265	500
265	502
265	503
265	508
265	511
265	519
265	523
265	531
265	538
265	562
265	625
265	660
265	688
265	722
266	0
266	31
266	63
266	95
266	125
266	128
266	157
266	476
266	501
266	531
266	538
266	550
266	628
267	0
267	31
267	69
267	128
267	531
267	625
267	636
267	656
267	781
268	31
268	93
268	125
268	500
268	593
268	848
269	0
269	31
269	62
269	125
269	220
269	500
269	507
269	538
269	625
269	750
270	1
270	7
270	93
270	95
270	125
270	156
270	532
270	562
270	565
271	69
271	500
271	664
272	93
273	1
273	63
273	125
273	500
273	534
273	656
273	813
274	0
274	3
274	34
274	62
274	500
274	630
275	562
275	625
277	0
277	31
277	532
277	593
277	815
278	375
278	531
278	585
280	0
281	0
281	9
281	11
281	13
281	14
281	15
281	16
281	17
281	19
281	23
281	62
281	63
281	65
281	69
281	77
281	125
281	128
281	133
281	136
281	188
281	265
281	382
281	394
281	500
281	503
281	504
281	507
281	509
281	512
281	515
281	519
281	524
281	531
281	563
281	566
281	625
281	632
281	634
281	640
281	687
281	890
282	0
282	8
282	66
282	125
282	194
282	515
282	571
283	0
283	569
284	0
284	23
284	63
284	69
284	78
284	148
284	251
284	437
284	501
284	509
284	515
284	625
284	627
285	7
285	17
285	125
285	250
285	500
285	501
285	507
285	562
285	577
285	632
285	694
286	698
287	0
287	31
287	511
287	687
288	2
288	15
288	17
288	82
288	125
288	128
288	503
288	504
288	515
288	524
288	625
289	562
290	15
290	500
291	687
292	15
292	562
293	3
293	140
294	500
294	562
295	515
296	3
296	7
296	18
296	62
296	125
296	132
296	500
296	501
296	503
297	9
297	500
297	509
297	563
298	0
298	507
299	375
299	500
300	134
300	250
300	515
300	562
300	875
301	1
302	2
303	132
304	62
304	125
304	140
304	250
304	251
304	503
304	563
304	625
306	406
307	625
308	0
308	500
310	531
312	0
312	1
312	3
312	5
312	7
312	8
312	11
312	14
312	15
312	16
312	17
312	19
312	25
312	31
312	32
312	36
312	38
312	41
312	46
312	48
312	50
312	51
312	52
312	54
312	115
312	125
312	140
312	156
312	163
312	169
312	173
312	261
312	268
312	304
312	375
312	500
312	501
312	502
312	503
312	504
312	507
312	515
312	516
312	523
312	531
312	532
312	534
312	535
312	541
312	542
312	547
312	548
312	554
312	562
312	625
312	631
312	641
312	648
312	656
312	671
312	676
312	679
312	718
312	879
313	0
313	31
313	81
313	500
313	515
313	531
313	617
313	625
313	750
314	15
314	31
314	38
314	625
315	0
315	1
315	7
315	16
315	31
315	38
315	48
315	102
315	156
315	382
315	500
315	501
315	507
315	509
315	515
315	518
315	523
315	531
315	532
315	538
315	549
315	555
315	562
315	625
315	632
315	671
316	0
316	48
316	171
316	406
316	500
316	501
316	511
316	525
316	532
316	548
316	555
316	656
316	679
316	750
317	0
317	31
317	48
317	54
317	172
317	531
317	805
318	31
318	38
318	632
319	0
319	1
319	10
319	34
319	125
319	156
319	159
319	500
319	503
319	509
319	515
319	531
319	577
319	626
319	656
319	694
319	706
320	0
320	17
320	27
320	34
320	46
320	500
320	503
320	515
320	531
320	577
320	718
321	31
321	531
321	656
321	663
322	0
322	34
322	500
323	0
323	23
323	46
323	532
324	31
324	46
324	156
324	532
324	546
324	562
325	46
325	148
327	0
327	5
327	7
327	13
327	15
327	31
327	36
327	38
327	65
327	125
327	134
327	162
327	281
327	500
327	501
327	511
327	531
327	533
327	548
327	625
327	626
327	628
327	657
328	0
328	1
328	35
328	36
328	38
328	93
328	500
328	657
328	786
329	31
329	503
330	32
330	38
330	196
330	531
330	661
330	906
331	31
331	125
331	531
331	538
331	656
332	0
332	500
333	656
335	0
335	158
335	500
336	31
336	500
337	93
337	156
337	250
338	625
339	2
339	31
339	156
339	626
343	0
343	1
343	2
343	4
343	7
343	9
343	11
343	24
343	54
343	125
343	142
343	503
343	504
343	508
343	526
343	644
343	650
344	0
344	11
344	34
344	62
345	11
345	132
345	515
346	0
346	7
347	0
347	1
347	9
347	126
347	500
347	510
347	515
347	523
347	626
347	702
348	0
348	23
348	25
348	125
348	507
348	519
348	648
349	38
349	500
351	0
351	125
351	130
351	142
351	516
351	626
351	631
351	687
352	1
352	640
353	0
354	625
355	500
355	525
355	625
356	15
357	17
359	0
359	500
359	507
359	511
359	531
359	625
360	1
360	500
360	625
361	0
361	500
361	633
362	0
363	500
364	0
364	126
364	132
365	500
366	500
367	0
367	15
367	188
367	500
367	503
367	508
368	0
369	0
370	625
375	0
375	1
375	5
375	8
375	15
375	17
375	21
375	23
375	31
375	32
375	33
375	42
375	46
375	47
375	62
375	63
375	65
375	77
375	82
375	104
375	109
375	202
375	321
375	500
375	503
375	513
375	517
375	531
375	534
375	538
375	540
375	544
375	546
375	547
375	548
375	554
375	562
375	577
375	585
375	593
375	597
375	613
375	619
375	625
375	751
375	827
376	0
376	8
376	15
376	16
376	34
376	46
376	504
376	524
376	702
377	0
377	31
377	42
377	507
377	531
377	534
378	0
378	2
378	7
378	8
378	18
378	23
378	31
378	47
378	69
378	422
378	503
378	515
378	531
378	546
378	562
378	702
378	750
379	9
379	69
379	500
379	501
379	525
379	546
380	56
380	93
380	110
380	121
380	140
380	144
380	507
380	531
382	0
382	21
382	32
382	46
382	62
382	500
382	502
382	515
382	517
382	546
382	563
382	612
382	625
382	656
383	0
383	1
383	19
383	31
383	52
383	109
383	284
383	519
383	532
383	546
384	15
384	19
384	531
384	534
385	31
385	625
386	15
386	62
386	501
386	515
386	531
386	547
386	548
386	610
387	63
388	0
389	531
389	579
390	0
390	4
390	9
390	13
390	31
390	34
390	40
390	62
390	93
390	99
390	101
390	500
390	507
390	531
390	565
391	62
391	500
391	533
391	540
391	565
392	31
392	62
392	531
392	535
393	534
394	0
394	38
394	500
394	531
394	532
394	533
394	601
395	16
395	626
398	0
398	8
398	32
398	500
398	781
399	411
399	502
399	503
399	536
400	109
402	7
402	500
402	531
406	0
406	3
406	7
406	15
406	16
406	19
406	30
406	71
406	77
406	500
406	501
406	503
406	515
406	562
406	577
406	640
406	750
407	7
407	15
407	257
408	503
408	515
409	0
409	62
409	85
409	500
409	515
409	516
409	642
410	0
410	500
410	507
410	585
411	500
412	515
413	23
414	3
414	17
414	500
414	562
415	0
415	62
417	0
418	628
419	515
421	0
421	1
421	64
422	62
423	500
424	0
425	7
425	507
429	0
429	32
429	63
429	502
433	0
434	501
437	0
437	3
437	7
437	8
437	9
437	15
437	16
437	20
437	21
437	31
437	36
437	38
437	44
437	46
437	56
437	95
437	250
437	503
437	504
437	507
437	511
437	515
437	517
437	523
437	531
437	532
437	539
437	540
437	628
437	648
437	750
437	761
437	913
438	15
438	31
438	34
438	253
438	538
438	547
438	765
439	297
439	500
439	628
440	0
440	31
440	33
440	47
440	148
440	500
440	507
440	523
440	531
440	532
440	562
440	594
440	611
441	31
441	38
441	515
441	523
442	0
442	31
443	535
443	538
444	0
444	3
444	46
444	62
444	515
444	531
444	534
444	546
444	649
445	503
445	546
446	511
448	46
448	500
449	1
449	531
450	500
452	13
452	31
452	38
452	500
452	501
452	507
452	516
452	531
453	0
453	105
453	500
453	531
453	538
453	577
454	8
454	503
455	31
455	507
456	501
456	531
458	0
460	3
460	500
460	503
460	515
460	531
461	0
461	3
461	500
463	640
464	501
465	500
466	0
466	500
468	0
468	15
468	23
468	83
468	500
468	503
468	509
468	515
468	525
468	562
469	1
469	23
469	500
469	502
470	0
470	8
471	0
471	500
472	0
472	252
472	500
473	500
476	0
476	500
477	7
477	140
478	507
479	562
481	765
484	13
484	501
485	7
486	0
486	565
487	69
490	0
490	7
491	0
492	5
493	509
496	7
500	0
500	1
500	3
500	4
500	7
500	9
500	15
500	17
500	23
500	25
500	31
500	32
500	33
500	34
500	35
500	38
500	46
500	47
500	51
500	62
500	65
500	93
500	97
500	101
500	102
500	125
500	126
500	130
500	134
500	148
500	156
500	160
500	171
500	183
500	187
500	250
500	251
500	252
500	257
500	259
500	267
500	270
500	273
500	281
500	298
500	301
500	327
500	337
500	375
500	380
500	421
500	468
500	509
500	797
500	867
501	0
501	3
501	12
501	31
501	34
501	38
501	54
501	87
501	98
501	140
501	148
501	156
501	250
501	281
501	383
501	831
501	921
502	0
502	38
502	273
502	359
503	0
503	1
503	7
503	11
503	31
503	62
503	101
503	102
503	103
503	125
503	159
503	171
503	250
503	281
503	288
503	296
503	382
503	400
503	546
503	781
504	1
504	3
504	7
504	31
504	101
504	187
504	251
504	265
504	531
505	15
505	23
505	31
505	156
505	413
505	453
505	548
506	15
506	250
506	296
507	0
507	5
507	21
507	31
507	34
507	35
507	55
507	125
507	156
507	163
507	219
507	409
508	19
508	31
508	126
508	220
508	376
508	390
508	501
508	751
509	34
509	359
509	531
509	546
510	31
511	31
511	33
511	62
511	125
511	327
512	0
512	1
512	9
512	15
512	282
513	0
515	0
515	1
515	31
515	39
515	136
515	156
515	187
515	224
515	250
515	255
515	284
515	312
515	337
515	437
516	11
516	19
516	63
516	253
516	281
516	284
516	538
517	31
517	65
517	98
517	281
517	319
517	346
518	31
518	376
519	0
519	7
519	31
519	39
519	93
519	132
519	250
519	281
519	509
520	0
520	126
520	188
520	532
521	126
522	62
523	0
523	31
523	35
523	220
524	62
524	188
524	343
525	66
526	31
527	281
527	470
528	62
528	281
528	500
531	0
531	1
531	3
531	7
531	9
531	10
531	17
531	23
531	25
531	62
531	77
531	85
531	140
531	144
531	190
531	194
531	250
531	273
531	281
531	312
531	437
531	500
531	750
532	0
532	9
532	23
532	93
532	250
532	257
532	275
533	62
533	284
534	0
534	8
534	85
534	125
534	140
534	250
534	319
535	0
535	23
535	85
535	250
536	3
537	8
537	15
537	125
537	257
537	875
538	63
538	126
538	202
538	454
539	67
539	312
540	250
542	250
542	265
546	9
546	876
547	0
547	7
547	9
547	11
547	132
547	251
547	312
550	125
550	312
550	444
551	0
551	63
554	0
558	0
562	0
562	1
562	4
562	7
562	9
562	15
562	17
562	27
562	31
562	32
562	34
562	39
562	44
562	62
562	125
562	128
562	140
562	156
562	175
562	250
562	251
562	253
562	259
562	265
562	269
562	271
562	276
562	281
562	283
562	284
562	288
562	296
562	375
562	390
562	406
562	417
562	433
562	500
562	505
562	540
562	625
562	671
563	3
563	157
563	265
563	500
563	524
563	535
564	38
564	46
564	93
564	125
564	250
564	281
564	425
565	0
565	1
565	8
565	23
565	31
565	39
565	51
565	125
565	143
565	250
565	288
565	289
565	421
565	546
566	0
566	7
566	46
566	202
566	327
566	406
566	906
567	281
568	3
569	3
569	15
569	31
569	126
569	250
569	251
569	297
569	375
569	421
570	1
570	5
570	34
570	156
570	250
571	125
571	156
571	781
573	31
573	32
573	267
574	39
574	46
577	0
577	32
577	34
577	38
577	62
577	125
577	156
577	284
577	508
577	667
578	3
578	31
578	32
578	133
578	257
578	382
578	534
578	656
579	0
579	31
579	38
579	125
579	190
581	7
581	31
581	32
581	375
582	11
582	250
582	540
583	31
585	156
586	0
587	31
588	281
590	1
592	265
593	0
593	3
593	7
593	8
593	10
593	18
593	125
593	152
593	259
593	269
593	382
593	392
593	399
594	11
594	250
594	253
594	258
595	0
595	253
595	274
597	250
597	251
597	625
598	1
598	250
598	500
599	125
601	15
601	19
601	79
601	125
601	438
602	1
604	140
604	250
609	0
609	5
609	7
609	258
609	750
610	0
610	500
611	3
611	137
612	0
616	250
617	134
619	125
621	250
625	0
625	1
625	5
625	7
625	11
625	15
625	17
625	27
625	31
625	32
625	38
625	40
625	42
625	43
625	55
625	58
625	62
625	81
625	85
625	93
625	104
625	110
625	115
625	118
625	144
625	157
625	165
625	171
625	173
625	250
625	253
625	254
625	255
625	257
625	282
625	284
625	296
625	327
625	343
625	359
625	500
625	519
625	531
625	757
626	0
626	7
626	31
626	46
626	65
626	93
626	265
626	407
627	31
627	54
627	273
628	0
628	1
628	62
628	77
628	86
628	95
628	109
628	250
628	265
628	282
628	304
628	538
628	751
628	768
629	93
629	111
630	94
630	281
630	288
630	312
630	343
630	390
631	288
631	906
632	0
632	6
632	31
632	46
632	49
632	62
632	95
632	253
632	281
632	287
632	312
633	0
633	3
633	17
634	34
634	36
634	109
634	281
634	296
634	315
635	118
636	0
636	171
636	375
637	0
637	344
638	288
639	3
639	31
640	0
640	34
640	65
640	188
640	250
640	285
640	312
641	0
641	7
641	71
641	250
641	251
641	261
642	0
642	31
642	38
642	65
642	93
644	0
644	31
644	38
644	62
644	69
644	288
645	93
646	77
647	0
648	0
648	5
648	62
648	63
650	38
651	507
656	0
656	1
656	7
656	17
656	19
656	20
656	77
656	85
656	250
656	257
656	265
656	266
657	62
659	0
659	1
659	24
659	71
659	312
659	319
661	15
661	24
663	62
663	253
663	312
665	0
670	327
670	375
671	65
673	62
675	633
677	257
679	0
679	253
681	0
683	2
687	0
687	3
687	5
687	7
687	8
687	15
687	31
687	46
687	77
687	163
687	250
687	281
687	290
687	500
687	515
687	535
688	0
688	7
688	31
688	38
689	15
689	46
690	0
690	1
690	3
690	31
690	37
690	250
690	274
690	501
690	781
691	31
691	251
692	0
692	257
692	546
693	0
694	0
694	1
694	15
694	31
694	34
695	1
696	31
696	765
697	31
697	46
697	296
698	32
699	125
702	7
702	10
702	11
702	38
702	163
702	251
702	503
703	0
703	1
703	31
703	38
703	282
704	31
706	31
706	281
710	31
710	132
711	34
715	288
718	7
718	8
718	9
718	257
718	515
719	0
719	261
722	8
723	0
725	0
726	7
726	15
726	63
726	251
726	265
726	267
727	6
728	0
734	4
735	500
736	0
737	15
744	250
747	3
748	0
750	0
750	1
750	2
750	3
750	5
750	7
750	19
750	31
750	32
750	33
750	38
750	44
750	46
750	47
750	55
750	62
750	63
750	77
750	93
750	94
750	117
750	125
750	133
750	156
750	207
750	394
750	603
751	2
751	15
751	16
751	31
751	47
751	54
752	3
752	7
753	0
753	8
753	15
753	23
753	31
753	39
753	46
753	47
753	172
753	187
753	281
753	515
753	531
754	1
754	31
754	329
757	15
757	31
757	32
757	34
757	46
757	56
757	93
757	125
757	156
757	220
758	0
758	15
758	111
758	126
759	46
759	187
760	3
762	0
765	1
765	2
765	7
765	34
765	93
765	94
765	98
765	125
765	161
765	250
766	31
766	157
767	31
768	11
769	0
769	1
769	257
770	0
770	69
773	0
773	31
773	33
773	156
773	500
776	93
781	0
781	7
781	9
781	62
781	128
781	189
781	500
781	503
781	507
782	0
782	203
782	632
783	515
784	7
784	15
784	210
788	0
788	86
788	579
789	63
792	0
793	0
797	125
797	253
804	125
805	0
812	0
812	1
812	2
812	15
812	25
812	34
812	35
812	38
812	54
812	62
812	97
812	126
812	132
812	142
812	146
812	156
812	160
812	163
812	164
813	148
813	157
813	265
813	546
814	0
814	23
814	31
815	0
815	31
815	132
816	0
816	500
817	266
819	15
819	125
819	156
820	34
821	0
821	47
821	126
823	0
823	1
823	126
824	17
824	31
827	9
827	31
827	34
827	38
827	125
827	531
828	38
829	531
834	500
835	0
835	125
843	7
843	125
843	126
844	3
845	125
845	515
847	0
848	1
851	9
851	15
851	125
851	626
852	19
860	0
863	0
863	501
868	500
869	0
875	0
875	3
875	11
875	15
875	19
875	31
875	38
875	46
875	47
875	52
875	77
875	95
875	117
875	532
876	0
876	11
876	19
876	31
876	47
876	77
876	511
878	0
878	77
878	93
878	94
878	109
879	31
879	34
880	0
880	133
881	0
882	0
882	500
882	501
882	531
883	31
884	0
884	102
885	31
886	15
887	0
888	266
890	3
890	7
890	20
890	31
890	500
891	1
891	31
891	62
894	7
895	156
896	69
897	38
899	3
906	69
907	62
909	15
911	253
913	85
913	187
919	62
920	0
922	31
929	0
929	62
933	63
937	0
937	2
937	5
937	7
937	9
937	15
937	17
937	25
937	31
937	34
937	40
937	62
937	500
938	34
938	58
939	93
940	0
940	38
940	259
942	23
944	31
945	0
949	31
954	38
954	44
957	31
958	0
962	0
968	0
969	21
970	0
970	7
970	519
977	7
977	501
984	500
986	1
