Reward,Time,Seed
4;0.069000005722;(945, 1183, 2923, 3383, 4600)
7;0.0469999313354;(945, 1183, 2923, 3383, 4600)
13;0.110000133514;(945, 1183, 2923, 3383, 4600)
13;0.0679998397827;(945, 1183, 2923, 3383, 4600)
0;0.0370001792908;(945, 1183, 2923, 3383, 4600)
-7;0.0360000133514;(945, 1183, 2923, 3383, 4600)
9;0.0569999217987;(945, 1183, 2923, 3383, 4600)
3;0.0469999313354;(945, 1183, 2923, 3383, 4600)
15;0.0770001411438;(945, 1183, 2923, 3383, 4600)
26;0.0989999771118;(945, 1183, 2923, 3383, 4600)
