Reward,Time,Actions
703;273.46600008;[(122,), (), (), (), (), (), (), (), (), (), (), (902,), (3776,), (), (2495,), (1984,), (692,), (), (1803,), ()]
666;305.319999933;[(207, 2182), (), (2890,), (), (), (), (), (), (), (), (), (), (), (), (830,), (3578,), (), (996,), (4485,), ()]
705;255.889000177;[(45,), (), (), (), (), (), (), (), (), (), (1291,), (406,), (), (1914,), (4892,), (), (477,), (), (), ()]
643;255.944999933;[(752, 4066, 4814), (), (), (), (), (), (), (), (), (), (), (), (4633,), (), (544,), (), (4170,), (), (506,), ()]
-6;479.231999874;[(74, 1433, 3447), (), (221,), (), (1486,), (), (3909,), (), (555,), (), (3480,), (), (), (1743,), (), (1881,), (), (352,), (), ()]
651;296.818000078;[(957, 3502), (), (), (), (), (), (), (), (), (), (3611,), (), (516,), (2156,), (1805,), (), (224,), (2821,), (), ()]
671;268.450999975;[(197, 3109), (), (), (), (), (), (), (), (), (), (2147,), (1889,), (), (), (633,), (), (), (2789,), (), ()]
709;256.325999975;[(2644, 3285, 4705), (), (), (), (), (), (), (), (), (), (), (), (4220,), (), (4707,), (), (3322,), (4732,), (), ()]
685;466.09100008;[(2546, 3066), (), (1314,), (), (2368,), (), (548,), (), (), (), (), (), (), (), (), (), (), (4726,), (1040,), ()]
670;301.944999933;[(2726,), (), (472,), (), (), (), (), (), (), (), (), (), (1410,), (), (2877,), (767,), (), (50,), (), ()]
