Reward,Time,Seed
63;0.0280001163483;(0, 2, 3, 5, 7)
45;0.029000043869;(0, 2, 3, 5, 7)
35;0.0349998474121;(0, 2, 3, 5, 7)
59;0.0260000228882;(0, 2, 3, 5, 7)
50;0.0250000953674;(0, 2, 3, 5, 7)
53;0.0299999713898;(0, 2, 3, 5, 7)
41;0.0249998569489;(0, 2, 3, 5, 7)
70;0.0260000228882;(0, 2, 3, 5, 7)
65;0.0260000228882;(0, 2, 3, 5, 7)
77;0.0260000228882;(0, 2, 3, 5, 7)
69;0.0250000953674;(0, 2, 3, 5, 7)
63;0.0260000228882;(0, 2, 3, 5, 7)
42;0.0239999294281;(0, 2, 3, 5, 7)
59;0.0250000953674;(0, 2, 3, 5, 7)
72;0.0259997844696;(0, 2, 3, 5, 7)
23;0.0320000648499;(0, 2, 3, 5, 7)
61;0.0240001678467;(0, 2, 3, 5, 7)
60;0.0249998569489;(0, 2, 3, 5, 7)
57;0.0260000228882;(0, 2, 3, 5, 7)
35;0.0250000953674;(0, 2, 3, 5, 7)
49;0.0239999294281;(0, 2, 3, 5, 7)
100;0.0250000953674;(0, 2, 3, 5, 7)
60;0.0269999504089;(0, 2, 3, 5, 7)
82;0.0260000228882;(0, 2, 3, 5, 7)
67;0.0260000228882;(0, 2, 3, 5, 7)
73;0.0269999504089;(0, 2, 3, 5, 7)
38;0.0360000133514;(0, 2, 3, 5, 7)
77;0.0379998683929;(0, 2, 3, 5, 7)
44;0.0250000953674;(0, 2, 3, 5, 7)
52;0.0260000228882;(0, 2, 3, 5, 7)
85;0.0309998989105;(0, 2, 3, 5, 7)
42;0.0299999713898;(0, 2, 3, 5, 7)
50;0.0240001678467;(0, 2, 3, 5, 7)
49;0.0269999504089;(0, 2, 3, 5, 7)
55;0.0260000228882;(0, 2, 3, 5, 7)
55;0.0249998569489;(0, 2, 3, 5, 7)
48;0.0240001678467;(0, 2, 3, 5, 7)
79;0.0259997844696;(0, 2, 3, 5, 7)
43;0.0250000953674;(0, 2, 3, 5, 7)
46;0.0269999504089;(0, 2, 3, 5, 7)
77;0.0250000953674;(0, 2, 3, 5, 7)
28;0.0239999294281;(0, 2, 3, 5, 7)
84;0.0269999504089;(0, 2, 3, 5, 7)
42;0.0250000953674;(0, 2, 3, 5, 7)
44;0.0250000953674;(0, 2, 3, 5, 7)
45;0.0239999294281;(0, 2, 3, 5, 7)
28;0.0239999294281;(0, 2, 3, 5, 7)
49;0.0239999294281;(0, 2, 3, 5, 7)
63;0.0250000953674;(0, 2, 3, 5, 7)
51;0.0250000953674;(0, 2, 3, 5, 7)
46;0.0260000228882;(0, 2, 3, 5, 7)
45;0.0269999504089;(0, 2, 3, 5, 7)
39;0.0260000228882;(0, 2, 3, 5, 7)
64;0.0299999713898;(0, 2, 3, 5, 7)
55;0.0260000228882;(0, 2, 3, 5, 7)
77;0.0260000228882;(0, 2, 3, 5, 7)
37;0.0269999504089;(0, 2, 3, 5, 7)
71;0.0249998569489;(0, 2, 3, 5, 7)
30;0.0250000953674;(0, 2, 3, 5, 7)
66;0.0250000953674;(0, 2, 3, 5, 7)
43;0.0269999504089;(0, 2, 3, 5, 7)
86;0.0269999504089;(0, 2, 3, 5, 7)
63;0.0269999504089;(0, 2, 3, 5, 7)
53;0.0269999504089;(0, 2, 3, 5, 7)
40;0.0260000228882;(0, 2, 3, 5, 7)
97;0.0260000228882;(0, 2, 3, 5, 7)
43;0.0250000953674;(0, 2, 3, 5, 7)
25;0.0249998569489;(0, 2, 3, 5, 7)
44;0.0260000228882;(0, 2, 3, 5, 7)
77;0.0250000953674;(0, 2, 3, 5, 7)
69;0.0320000648499;(0, 2, 3, 5, 7)
59;0.0249998569489;(0, 2, 3, 5, 7)
35;0.029000043869;(0, 2, 3, 5, 7)
54;0.0260000228882;(0, 2, 3, 5, 7)
50;0.0260000228882;(0, 2, 3, 5, 7)
62;0.0260000228882;(0, 2, 3, 5, 7)
86;0.0249998569489;(0, 2, 3, 5, 7)
76;0.029000043869;(0, 2, 3, 5, 7)
58;0.0260000228882;(0, 2, 3, 5, 7)
36;0.0239999294281;(0, 2, 3, 5, 7)
64;0.0260000228882;(0, 2, 3, 5, 7)
54;0.0260000228882;(0, 2, 3, 5, 7)
57;0.0260000228882;(0, 2, 3, 5, 7)
72;0.0250000953674;(0, 2, 3, 5, 7)
31;0.0249998569489;(0, 2, 3, 5, 7)
64;0.0270001888275;(0, 2, 3, 5, 7)
76;0.0249998569489;(0, 2, 3, 5, 7)
74;0.0299999713898;(0, 2, 3, 5, 7)
53;0.0260000228882;(0, 2, 3, 5, 7)
49;0.0250000953674;(0, 2, 3, 5, 7)
69;0.0249998569489;(0, 2, 3, 5, 7)
63;0.0270001888275;(0, 2, 3, 5, 7)
95;0.0249998569489;(0, 2, 3, 5, 7)
43;0.0239999294281;(0, 2, 3, 5, 7)
64;0.0250000953674;(0, 2, 3, 5, 7)
72;0.0250000953674;(0, 2, 3, 5, 7)
43;0.0249998569489;(0, 2, 3, 5, 7)
43;0.0240001678467;(0, 2, 3, 5, 7)
55;0.0239999294281;(0, 2, 3, 5, 7)
46;0.0239999294281;(0, 2, 3, 5, 7)
59;0.0250000953674;(0, 2, 3, 5, 7)
68;0.0260000228882;(0, 2, 3, 5, 7)
56;0.0279998779297;(0, 2, 3, 5, 7)
52;0.0250000953674;(0, 2, 3, 5, 7)
70;0.0249998569489;(0, 2, 3, 5, 7)
49;0.0240001678467;(0, 2, 3, 5, 7)
50;0.0249998569489;(0, 2, 3, 5, 7)
52;0.0260000228882;(0, 2, 3, 5, 7)
46;0.0299999713898;(0, 2, 3, 5, 7)
54;0.047000169754;(0, 2, 3, 5, 7)
69;0.0249998569489;(0, 2, 3, 5, 7)
43;0.0260000228882;(0, 2, 3, 5, 7)
55;0.0250000953674;(0, 2, 3, 5, 7)
60;0.0260000228882;(0, 2, 3, 5, 7)
86;0.0249998569489;(0, 2, 3, 5, 7)
46;0.0260000228882;(0, 2, 3, 5, 7)
43;0.0260000228882;(0, 2, 3, 5, 7)
56;0.0250000953674;(0, 2, 3, 5, 7)
65;0.0269999504089;(0, 2, 3, 5, 7)
44;0.0239999294281;(0, 2, 3, 5, 7)
71;0.0239999294281;(0, 2, 3, 5, 7)
52;0.0250000953674;(0, 2, 3, 5, 7)
70;0.0269999504089;(0, 2, 3, 5, 7)
62;0.0269999504089;(0, 2, 3, 5, 7)
63;0.0250000953674;(0, 2, 3, 5, 7)
61;0.0280001163483;(0, 2, 3, 5, 7)
87;0.0309998989105;(0, 2, 3, 5, 7)
54;0.0250000953674;(0, 2, 3, 5, 7)
29;0.0249998569489;(0, 2, 3, 5, 7)
40;0.0260000228882;(0, 2, 3, 5, 7)
41;0.0239999294281;(0, 2, 3, 5, 7)
45;0.0250000953674;(0, 2, 3, 5, 7)
39;0.0250000953674;(0, 2, 3, 5, 7)
41;0.0259997844696;(0, 2, 3, 5, 7)
59;0.0250000953674;(0, 2, 3, 5, 7)
49;0.0260000228882;(0, 2, 3, 5, 7)
77;0.0250000953674;(0, 2, 3, 5, 7)
51;0.0259997844696;(0, 2, 3, 5, 7)
88;0.0250000953674;(0, 2, 3, 5, 7)
22;0.0239999294281;(0, 2, 3, 5, 7)
56;0.0260000228882;(0, 2, 3, 5, 7)
58;0.0260000228882;(0, 2, 3, 5, 7)
72;0.0280001163483;(0, 2, 3, 5, 7)
59;0.0260000228882;(0, 2, 3, 5, 7)
41;0.0249998569489;(0, 2, 3, 5, 7)
64;0.0260000228882;(0, 2, 3, 5, 7)
84;0.0310001373291;(0, 2, 3, 5, 7)
76;0.0359997749329;(0, 2, 3, 5, 7)
39;0.0310001373291;(0, 2, 3, 5, 7)
100;0.0250000953674;(0, 2, 3, 5, 7)
75;0.0249998569489;(0, 2, 3, 5, 7)
56;0.0250000953674;(0, 2, 3, 5, 7)
60;0.0269999504089;(0, 2, 3, 5, 7)
43;0.0250000953674;(0, 2, 3, 5, 7)
62;0.0259997844696;(0, 2, 3, 5, 7)
54;0.0260000228882;(0, 2, 3, 5, 7)
72;0.0250000953674;(0, 2, 3, 5, 7)
48;0.0260000228882;(0, 2, 3, 5, 7)
73;0.0279998779297;(0, 2, 3, 5, 7)
48;0.0310001373291;(0, 2, 3, 5, 7)
35;0.0279998779297;(0, 2, 3, 5, 7)
79;0.0260000228882;(0, 2, 3, 5, 7)
73;0.0260000228882;(0, 2, 3, 5, 7)
84;0.0260000228882;(0, 2, 3, 5, 7)
39;0.0250000953674;(0, 2, 3, 5, 7)
43;0.0249998569489;(0, 2, 3, 5, 7)
69;0.0269999504089;(0, 2, 3, 5, 7)
58;0.0260000228882;(0, 2, 3, 5, 7)
87;0.0250000953674;(0, 2, 3, 5, 7)
31;0.0239999294281;(0, 2, 3, 5, 7)
71;0.0250000953674;(0, 2, 3, 5, 7)
67;0.0249998569489;(0, 2, 3, 5, 7)
66;0.0250000953674;(0, 2, 3, 5, 7)
75;0.0260000228882;(0, 2, 3, 5, 7)
64;0.029000043869;(0, 2, 3, 5, 7)
39;0.0260000228882;(0, 2, 3, 5, 7)
33;0.0260000228882;(0, 2, 3, 5, 7)
56;0.0239999294281;(0, 2, 3, 5, 7)
52;0.0269999504089;(0, 2, 3, 5, 7)
63;0.0239999294281;(0, 2, 3, 5, 7)
57;0.0250000953674;(0, 2, 3, 5, 7)
69;0.0269999504089;(0, 2, 3, 5, 7)
72;0.0250000953674;(0, 2, 3, 5, 7)
36;0.0249998569489;(0, 2, 3, 5, 7)
42;0.0390000343323;(0, 2, 3, 5, 7)
54;0.0250000953674;(0, 2, 3, 5, 7)
47;0.0360000133514;(0, 2, 3, 5, 7)
62;0.0379998683929;(0, 2, 3, 5, 7)
82;0.0250000953674;(0, 2, 3, 5, 7)
34;0.0249998569489;(0, 2, 3, 5, 7)
48;0.0250000953674;(0, 2, 3, 5, 7)
64;0.0260000228882;(0, 2, 3, 5, 7)
42;0.0260000228882;(0, 2, 3, 5, 7)
41;0.0309998989105;(0, 2, 3, 5, 7)
85;0.0270001888275;(0, 2, 3, 5, 7)
49;0.0249998569489;(0, 2, 3, 5, 7)
78;0.0269999504089;(0, 2, 3, 5, 7)
77;0.0280001163483;(0, 2, 3, 5, 7)
76;0.0269999504089;(0, 2, 3, 5, 7)
70;0.0269999504089;(0, 2, 3, 5, 7)
