Reward,Time,Actions
17;48.1920001507;[(37,), (), (10,), (), (), (1,), (), (), (), (), (124,), (), (), (44,), (), (60,), (), (15,), (), ()]
60;41.5579998493;[(49,), (), (), (7,), (), (), (), (), (1,), (), (), (), (), (), (), (45,), (), (), (67,), ()]
41;40.4000000954;[(13,), (), (), (10,), (), (), (), (), (23,), (), (), (), (5,), (), (), (), (2,), (), (), ()]
41;42.3129999638;[(2,), (), (), (), (), (4,), (), (), (), (66,), (), (83,), (499,), (167,), (), (5,), (), (), (), ()]
49;38.0839998722;[(1, 440), (), (), (), (), (), (33,), (), (), (), (), (28,), (), (), (42,), (), (36,), (), (327,), ()]
17;43.4440000057;[(10, 301), (), (), (), (17,), (), (), (7,), (), (), (), (3,), (), (), (), (28,), (), (), (15,), ()]
4;45.4079999924;[(18,), (), (), (326,), (33,), (), (), (498,), (286,), (16,), (), (), (9,), (), (393,), (), (179,), (44,), (), ()]
20;43.745000124;[(), (144,), (446,), (), (7,), (), (), (), (9,), (), (33,), (), (), (2,), (), (), (), (3,), (), ()]
62;40.2079999447;[(), (4,), (), (), (), (0,), (), (), (), (), (), (), (), (99,), (), (5,), (), (), (), ()]
41;40.4370000362;[(), (), (17,), (), (), (), (16,), (), (), (), (), (28,), (), (), (1,), (), (), (), (), ()]
46;41.0220000744;[(), (4,), (), (), (), (), (), (), (3,), (), (), (), (), (), (), (14,), (), (), (), ()]
45;40.5039999485;[(), (22,), (), (), (), (0,), (), (), (), (), (), (18,), (), (23,), (), (), (4,), (), (), ()]
27;45.8910000324;[(18,), (), (124,), (), (74,), (425,), (), (3,), (), (), (), (), (288,), (), (24,), (), (0,), (), (), ()]
61;39.4739999771;[(39,), (), (), (), (2,), (), (), (), (), (), (7,), (), (), (), (), (), (88,), (5,), (), ()]
18;44.4589998722;[(13,), (), (), (), (141,), (), (), (4,), (), (), (), (), (), (), (196,), (), (43,), (), (), ()]
21;41.8800001144;[(0,), (), (), (), (), (18,), (), (24,), (), (), (), (49,), (), (), (), (9,), (), (), (456,), ()]
28;44.5899999142;[(28,), (), (), (141,), (), (), (117,), (100,), (), (83,), (246,), (86,), (162,), (3,), (), (), (), (), (), ()]
42;43.6070001125;[(), (7,), (), (), (), (), (34,), (), (), (), (), (1,), (), (), (), (), (), (42,), (), ()]
54;40.5620000362;[(24,), (), (), (), (3,), (), (), (), (), (), (), (77,), (49,), (), (), (), (18,), (), (), ()]
22;44.7330000401;[(59,), (), (), (9,), (), (), (), (), (172,), (), (5,), (), (), (397,), (163,), (124,), (), (7,), (), ()]
2;49.2119998932;[(28,), (), (), (124,), (), (223,), (), (6,), (), (24,), (), (139,), (), (4,), (), (), (9,), (), (), ()]
20;41.1429998875;[(22,), (), (), (), (18,), (), (), (), (12,), (), (), (), (276,), (181,), (), (), (148,), (), (129,), ()]
14;45.7610001564;[(), (), (2,), (), (), (0,), (), (), (), (95,), (), (43,), (), (), (), (10,), (), (), (), ()]
45;43.3819999695;[(), (306,), (99,), (), (1,), (), (), (), (), (), (), (), (12,), (), (196,), (), (20,), (), (), ()]
35;45.2869999409;[(23,), (), (), (), (4,), (), (), (121,), (), (418,), (24,), (), (), (456,), (), (5,), (), (), (), ()]
34;47.9470000267;[(241,), (367,), (66,), (), (54,), (), (99,), (), (28,), (), (), (), (), (7,), (), (), (), (), (), ()]
12;44.3059999943;[(5, 130, 264), (), (), (), (), (8,), (), (), (83,), (), (33,), (), (), (), (260,), (110,), (16,), (), (), ()]
41;41.3429999352;[(5,), (), (), (), (), (135,), (), (24,), (), (), (3,), (), (), (), (), (10,), (), (), (), ()]
22;42.6130001545;[(55,), (), (10,), (), (), (), (), (9,), (), (), (), (196,), (), (296,), (378,), (179,), (), (0,), (), ()]
29;44.2839999199;[(0,), (), (), (), (), (225,), (139,), (), (92,), (156,), (), (156,), (7,), (), (), (), (204,), (), (359,), ()]
27;42.1040000916;[(8,), (), (), (), (93,), (17,), (), (), (1,), (), (), (), (), (33,), (), (), (), (15,), (), ()]
24;45.1369998455;[(5,), (), (), (), (198,), (), (), (19,), (), (225,), (), (49,), (), (22,), (), (), (), (0,), (), ()]
11;47.5940001011;[(162,), (), (23,), (), (), (), (150,), (117,), (), (), (0,), (), (), (), (), (292,), (190,), (), (), ()]
14;44.2969999313;[(1,), (), (), (), (9,), (), (), (), (0,), (), (), (), (286,), (), (), (76,), (), (), (267,), ()]
29;43.6920001507;[(), (7,), (), (), (), (378,), (41,), (334,), (321,), (), (10,), (), (), (), (79,), (), (70,), (337,), (), ()]
46;44.0789999962;[(19,), (), (), (18,), (), (), (0,), (), (), (3,), (), (), (), (), (), (15,), (246,), (4,), (), ()]
21;42.8439998627;[(3,), (), (), (), (48,), (), (), (181,), (), (), (0,), (), (), (84,), (7,), (), (), (), (204,), ()]
20;44.9900000095;[(3, 160, 270, 290), (), (), (4,), (), (), (), (22,), (), (), (67,), (), (370,), (66,), (), (), (), (5,), (), ()]
40;45.121999979;[(336,), (49,), (), (), (8,), (), (), (), (254,), (), (25,), (), (), (2,), (), (), (), (), (), ()]
29;41.9440000057;[(), (2,), (), (), (), (), (), (0,), (), (), (), (), (204,), (12,), (), (346,), (11,), (3,), (), ()]
47;39.7620000839;[(5,), (), (), (), (), (), (474,), (), (238,), (247,), (), (312,), (8,), (), (), (), (), (2,), (), ()]
35;44.8389999866;[(7,), (), (), (), (), (), (99,), (223,), (), (108,), (), (52,), (), (), (), (2,), (), (), (), ()]
56;40.8510000706;[(), (0,), (), (), (), (), (), (), (), (7,), (), (), (150,), (), (254,), (93,), (), (23,), (), ()]
37;44.2059998512;[(34,), (), (109,), (), (33,), (), (), (4,), (), (), (), (5,), (), (), (), (), (), (225,), (), ()]
12;45.4140000343;[(0, 20, 27), (), (), (), (), (49,), (), (), (411,), (), (), (171,), (373,), (416,), (76,), (), (229,), (304,), (), ()]
24;47.2839999199;[(32,), (238,), (164,), (), (10,), (), (), (4,), (), (), (), (), (173,), (13,), (), (), (), (), (108,), ()]
24;43.8519999981;[(), (43,), (), (), (), (2,), (), (), (10,), (), (), (), (1,), (), (), (), (), (), (229,), ()]
24;45.6770000458;[(), (71,), (), (360,), (), (7,), (), (), (), (), (76,), (), (), (93,), (), (), (66,), (), (91,), ()]
1;50.0770001411;[(), (4,), (), (), (), (84,), (), (17,), (), (20,), (), (111,), (238,), (467,), (351,), (23,), (), (83,), (54,), ()]
42;44.2059998512;[(10,), (), (), (130,), (), (), (), (23,), (), (), (1,), (), (), (), (), (), (), (7,), (), ()]
20;44.5920000076;[(4, 216, 269), (), (), (), (), (41,), (), (296,), (), (), (17,), (), (), (286,), (406,), (), (0,), (), (), ()]
55;44.2799999714;[(), (), (137,), (58,), (), (74,), (), (5,), (), (), (), (), (), (286,), (41,), (), (232,), (171,), (256,), ()]
4;46.5580000877;[(), (49,), (), (26,), (), (), (184,), (405,), (), (69,), (), (124,), (), (), (), (54,), (), (), (267,), ()]
14;44.638999939;[(135,), (), (8,), (), (), (181,), (), (117,), (), (16,), (), (), (), (138,), (66,), (), (1,), (), (), ()]
1;47.0130000114;[(134,), (), (113,), (474,), (), (), (), (8,), (), (59,), (), (246,), (), (10,), (), (), (), (), (284,), ()]
16;43.7580001354;[(26,), (), (), (), (28,), (), (), (336,), (25,), (), (), (), (301,), (318,), (), (0,), (), (170,), (), ()]
61;43.1119999886;[(), (431,), (23,), (), (), (), (), (2,), (), (), (), (), (), (95,), (), (328,), (), (347,), (496,), ()]
18;44.5939998627;[(23,), (), (), (3,), (), (), (4,), (), (), (), (443,), (), (), (96,), (), (), (10,), (), (), ()]
75;38.9709999561;[(28,), (), (), (), (0,), (), (), (), (), (), (), (), (), (15,), (), (), (), (44,), (), ()]
52;42.373000145;[(180,), (246,), (7,), (), (), (), (), (0,), (), (), (), (), (), (68,), (49,), (), (378,), (159,), (), ()]
43;41.0309998989;[(7,), (), (), (), (5,), (), (), (), (58,), (), (), (9,), (), (), (), (), (3,), (), (), ()]
29;40.6719999313;[(24,), (), (), (25,), (), (), (), (23,), (), (), (), (), (3,), (), (), (), (), (0,), (), ()]
26;43.3030002117;[(6,), (), (), (9,), (), (), (), (288,), (33,), (), (), (7,), (), (), (), (), (447,), (59,), (), ()]
51;42.4719998837;[(), (1,), (), (), (), (), (), (99,), (), (16,), (), (), (), (109,), (), (58,), (0,), (), (), ()]
4;50.5090000629;[(), (99,), (91,), (103,), (), (100,), (448,), (188,), (), (37,), (), (), (16,), (), (), (), (60,), (), (162,), ()]
46;43.1180000305;[(8,), (), (), (), (294,), (263,), (), (1,), (), (), (), (), (), (187,), (124,), (0,), (), (), (), ()]
11;44.1610000134;[(), (), (25,), (), (36,), (), (66,), (), (), (8,), (), (), (2,), (), (), (), (23,), (), (), ()]
41;39.2239999771;[(7,), (), (), (), (), (2,), (), (), (), (), (), (3,), (), (), (), (), (), (), (), ()]
43;42.5739998817;[(52,), (), (), (2,), (), (), (), (99,), (), (5,), (), (), (), (), (9,), (), (7,), (), (), ()]
33;39.5099999905;[(5,), (), (), (), (286,), (29,), (), (3,), (), (), (), (), (), (4,), (), (), (196,), (), (367,), ()]
41;41.3110001087;[(), (10,), (), (), (), (), (124,), (234,), (), (130,), (24,), (), (), (), (), (), (3,), (), (), ()]
36;46.4839999676;[(34,), (), (118,), (246,), (7,), (), (), (), (), (), (), (140,), (141,), (), (), (28,), (), (), (), ()]
27;42.5880000591;[(37,), (), (), (10,), (), (), (23,), (), (), (), (), (), (13,), (), (), (0,), (), (), (), ()]
18;47.1369998455;[(), (141,), (), (284,), (37,), (), (11,), (24,), (), (), (19,), (), (), (25,), (), (), (5,), (), (), ()]
11;46.0429999828;[(25,), (), (), (344,), (34,), (), (129,), (99,), (), (5,), (), (), (2,), (), (), (), (), (172,), (292,), ()]
28;39.6820001602;[(7, 493), (), (), (), (), (), (), (), (69,), (), (3,), (), (), (129,), (327,), (368,), (), (41,), (267,), ()]
44;43.132999897;[(18,), (), (), (), (16,), (), (397,), (37,), (), (), (3,), (), (), (0,), (), (), (), (), (449,), ()]
30;44.6270000935;[(7, 480), (), (), (), (112,), (), (16,), (), (), (1,), (), (), (), (), (184,), (272,), (198,), (), (), ()]
10;46.8880000114;[(15,), (), (), (130,), (), (23,), (), (), (), (), (129,), (439,), (124,), (), (80,), (), (), (181,), (405,), ()]
15;46.1740000248;[(), (0,), (), (), (), (1,), (), (), (), (52,), (), (68,), (204,), (390,), (), (7,), (), (), (317,), ()]
34;48.6599998474;[(), (230,), (99,), (), (), (54,), (), (), (), (), (), (4,), (), (), (), (1,), (), (), (), ()]
52;40.7070000172;[(), (1,), (), (), (), (), (), (129,), (), (4,), (), (), (7,), (), (), (), (), (2,), (), ()]
22;44.0380001068;[(378,), (49,), (), (24,), (), (), (10,), (), (), (), (36,), (), (198,), (), (171,), (83,), (7,), (), (), ()]
61;40.5569999218;[(49,), (), (), (1,), (), (), (), (), (), (), (), (5,), (), (), (), (94,), (), (96,), (), ()]
60;41.2260000706;[(), (2,), (), (), (), (), (1,), (), (), (292,), (), (10,), (), (), (), (), (7,), (), (), ()]
32;39.8009998798;[(44,), (), (), (), (7,), (), (), (), (130,), (1,), (), (), (), (23,), (), (), (), (49,), (187,), ()]
21;46.8120000362;[(), (155,), (342,), (), (84,), (254,), (), (10,), (), (), (), (), (7,), (), (), (), (5,), (), (), ()]
57;40.4060001373;[(12,), (), (), (7,), (), (), (), (), (32,), (33,), (), (), (16,), (), (), (1,), (), (), (), ()]
65;41.5859999657;[(0, 203, 408), (), (), (), (), (), (), (84,), (180,), (19,), (), (), (272,), (248,), (53,), (230,), (), (105,), (), ()]
10;46.4930000305;[(), (276,), (8,), (), (), (), (), (), (37,), (), (99,), (), (), (), (3,), (), (), (), (334,), ()]
26;40.8229999542;[(182,), (33,), (), (0,), (), (), (), (), (), (76,), (), (126,), (44,), (), (), (10,), (), (), (), ()]
21;42.2369999886;[(16,), (), (), (13,), (), (), (15,), (), (23,), (), (), (), (7,), (), (), (232,), (131,), (), (), ()]
19;47.2899999619;[(), (110,), (), (33,), (), (95,), (), (131,), (34,), (), (17,), (), (), (7,), (), (), (), (), (53,), ()]
64;40.7030000687;[(124,), (), (65,), (), (), (1,), (), (), (), (), (), (), (), (), (103,), (81,), (), (), (284,), ()]
71;44.1399998665;[(138,), (49,), (), (), (3,), (), (), (), (), (), (41,), (), (252,), (1,), (), (), (), (), (), ()]
46;41.5069999695;[(), (99,), (441,), (0,), (), (), (), (), (), (), (247,), (137,), (), (1,), (), (), (), (142,), (317,), ()]
8;47.361000061;[(5,), (), (), (130,), (), (), (187,), (467,), (), (23,), (), (), (8,), (), (), (108,), (), (4,), (), ()]
40;41.6870000362;[(), (5,), (), (), (), (), (), (41,), (), (), (9,), (), (), (), (), (), (14,), (), (), ()]
22;43.3299999237;[(22,), (), (), (), (), (6,), (), (), (), (), (101,), (), (326,), (69,), (), (), (4,), (), (), ()]
29;43.9200000763;[(190,), (), (), (1,), (), (), (), (), (), (3,), (), (), (), (15,), (), (113,), (204,), (), (498,), ()]
16;46.1860001087;[(16,), (), (), (), (29,), (), (), (181,), (), (49,), (), (19,), (), (32,), (408,), (8,), (), (), (), ()]
23;47.4949998856;[(), (53,), (49,), (), (267,), (138,), (442,), (), (23,), (), (), (187,), (7,), (), (), (), (), (1,), (), ()]
35;40.3069999218;[(22,), (), (), (), (23,), (), (), (), (), (), (), (0,), (), (), (), (52,), (), (130,), (), ()]
14;47.5650000572;[(), (152,), (377,), (69,), (), (), (), (80,), (), (), (179,), (213,), (292,), (24,), (), (), (), (7,), (), ()]
18;46.1679999828;[(4,), (), (27,), (), (16,), (), (), (79,), (), (254,), (), (141,), (), (), (0,), (), (), (), (), ()]
35;43.5080001354;[(), (199,), (), (2,), (), (), (), (), (), (), (), (1,), (), (), (150,), (479,), (), (254,), (50,), ()]
18;46.3569998741;[(16,), (), (), (137,), (352,), (), (305,), (), (), (13,), (), (), (), (22,), (), (), (), (6,), (), ()]
12;48.5009999275;[(380,), (309,), (50,), (238,), (139,), (), (41,), (), (), (6,), (), (), (), (), (), (28,), (), (), (32,), ()]
27;43.5099999905;[(), (230,), (0,), (), (), (), (27,), (), (3,), (), (), (), (304,), (285,), (243,), (9,), (), (), (), ()]
16;46.0789999962;[(15,), (), (), (), (150,), (), (), (74,), (360,), (), (4,), (), (), (), (20,), (), (), (233,), (377,), ()]
-2;46.0130000114;[(33,), (), (103,), (0,), (), (), (41,), (), (), (28,), (), (183,), (66,), (), (172,), (), (26,), (), (254,), ()]
31;43.3109998703;[(0,), (), (), (), (22,), (), (), (2,), (), (), (), (), (), (), (9,), (), (88,), (41,), (), ()]
27;47.3650000095;[(0,), (), (), (), (), (), (66,), (), (51,), (), (116,), (), (86,), (276,), (144,), (284,), (25,), (), (49,), ()]
17;43.7120001316;[(), (4,), (), (), (), (), (), (52,), (), (), (), (3,), (), (), (37,), (), (42,), (), (481,), ()]
35;45.8439998627;[(), (190,), (), (16,), (), (), (13,), (), (), (), (), (), (5,), (), (), (), (398,), (), (351,), ()]
10;45.8840000629;[(), (0,), (), (), (52,), (), (45,), (), (), (), (43,), (), (53,), (309,), (), (42,), (), (), (179,), ()]
23;46.9530000687;[(303,), (52,), (), (322,), (124,), (369,), (), (24,), (), (0,), (), (), (), (), (4,), (), (), (), (), ()]
5;49.2229998112;[(), (5,), (), (), (312,), (19,), (), (), (179,), (224,), (60,), (), (76,), (), (), (), (45,), (), (), ()]
23;46.2410001755;[(93,), (), (13,), (), (16,), (), (5,), (), (), (), (), (173,), (74,), (221,), (10,), (), (), (318,), (), ()]
43;40.7920000553;[(22,), (), (), (), (20,), (246,), (), (), (4,), (), (), (), (), (124,), (342,), (), (7,), (), (), ()]
30;41.5299999714;[(25,), (), (22,), (), (), (3,), (), (), (), (), (), (47,), (), (91,), (16,), (), (66,), (), (), ()]
21;44.9809999466;[(), (8,), (), (), (121,), (116,), (), (92,), (), (0,), (), (), (), (), (76,), (), (), (42,), (), ()]
42;42.2909998894;[(), (26,), (), (), (7,), (), (), (), (), (3,), (), (), (), (), (23,), (), (), (317,), (), ()]
24;42.1540000439;[(), (9,), (), (), (), (), (), (2,), (), (), (), (45,), (), (), (130,), (), (48,), (), (), ()]
9;44.7760000229;[(1,), (), (), (9,), (), (), (), (99,), (26,), (), (68,), (), (33,), (), (52,), (), (), (), (364,), ()]
39;42.4140000343;[(292,), (24,), (), (), (), (99,), (), (), (22,), (), (), (), (1,), (), (), (), (), (), (88,), ()]
41;44.0539999008;[(61,), (), (), (5,), (), (), (), (), (), (), (24,), (), (), (167,), (), (1,), (), (), (), ()]
16;41.7870001793;[(89,), (482,), (4,), (), (), (), (2,), (), (), (), (), (28,), (), (), (91,), (3,), (), (), (), ()]
20;39.7029998302;[(3,), (), (), (), (), (7,), (), (), (), (442,), (172,), (), (139,), (24,), (), (225,), (26,), (), (16,), ()]
44;43.856000185;[(48,), (), (179,), (356,), (), (), (10,), (), (), (), (0,), (), (), (), (), (), (), (398,), (), ()]
28;40.9259998798;[(33,), (), (), (9,), (), (), (24,), (), (), (23,), (), (), (), (22,), (), (), (), (), (310,), ()]
24;42.4990000725;[(0,), (), (), (), (), (), (61,), (196,), (), (241,), (), (66,), (), (), (), (7,), (), (), (), ()]
22;42.3759999275;[(), (54,), (), (0,), (), (), (), (31,), (), (), (), (), (22,), (), (), (), (), (), (154,), ()]
25;41.6740000248;[(7,), (), (), (), (), (), (19,), (), (), (9,), (), (), (), (339,), (223,), (), (), (187,), (233,), ()]
53;40.861000061;[(), (4,), (), (), (), (), (41,), (), (), (59,), (23,), (), (), (), (), (0,), (), (), (), ()]
24;42.4959998131;[(3, 160, 219), (), (), (), (92,), (378,), (), (4,), (), (), (), (28,), (), (), (116,), (440,), (), (2,), (), ()]
29;44.1500000954;[(117,), (0,), (), (), (), (), (76,), (), (269,), (50,), (327,), (370,), (), (48,), (), (), (), (), (), ()]
28;43.7009999752;[(31,), (), (), (66,), (), (), (112,), (206,), (), (25,), (), (), (), (431,), (7,), (), (), (), (), ()]
38;42.5380001068;[(), (116,), (), (), (0,), (), (), (), (), (), (3,), (), (), (), (), (5,), (), (), (), ()]
71;38.3289999962;[(1,), (), (), (), (), (), (7,), (), (), (), (), (), (), (16,), (), (), (), (288,), (), ()]
41;48.1289999485;[(), (2,), (), (), (), (110,), (), (79,), (), (61,), (), (481,), (304,), (243,), (), (3,), (), (), (), ()]
36;42.6210000515;[(196,), (), (4,), (), (), (), (1,), (), (), (), (), (), (23,), (), (), (3,), (), (), (), ()]
20;43.1549999714;[(4,), (), (), (), (7,), (), (), (), (), (), (), (25,), (), (), (268,), (198,), (), (125,), (457,), ()]
34;46.4179999828;[(), (1,), (), (), (), (10,), (), (70,), (), (), (), (24,), (), (), (), (5,), (), (), (), ()]
31;45.1640000343;[(27,), (), (), (204,), (431,), (13,), (), (), (7,), (), (), (), (), (87,), (246,), (196,), (25,), (), (), ()]
37;39.6489999294;[(10,), (), (), (), (24,), (), (), (4,), (), (), (), (), (16,), (), (45,), (), (), (1,), (), ()]
8;48.1159999371;[(76,), (), (), (32,), (380,), (129,), (359,), (24,), (), (), (), (), (66,), (), (61,), (), (200,), (), (74,), ()]
46;38.7650001049;[(3, 183, 487), (), (), (), (), (), (1,), (), (), (), (), (163,), (), (42,), (), (), (), (334,), (221,), ()]
13;42.7869999409;[(25,), (), (), (), (24,), (), (), (), (), (101,), (15,), (), (), (100,), (415,), (7,), (), (), (491,), ()]
23;47.1460001469;[(), (423,), (190,), (), (), (80,), (), (), (), (), (18,), (), (8,), (), (), (), (), (0,), (), ()]
14;44.746999979;[(23,), (), (22,), (), (), (), (), (309,), (311,), (), (28,), (), (), (), (109,), (), (), (32,), (), ()]
24;44.0769999027;[(), (108,), (), (), (3,), (), (), (), (), (234,), (), (292,), (), (15,), (), (), (16,), (), (), ()]
21;41.7449998856;[(1, 415), (), (), (), (), (), (10,), (), (), (), (109,), (), (125,), (267,), (), (335,), (76,), (), (), ()]
22;43.0340001583;[(), (71,), (), (), (13,), (), (), (), (), (), (129,), (23,), (), (), (), (), (344,), (3,), (), ()]
52;42.3940000534;[(0,), (), (), (), (82,), (), (7,), (), (), (), (), (76,), (), (484,), (3,), (), (), (311,), (), ()]
52;40.7709999084;[(23,), (), (), (), (), (0,), (), (), (), (), (), (3,), (), (), (), (204,), (), (2,), (), ()]
48;42.5690000057;[(4,), (), (), (), (), (), (17,), (), (), (326,), (277,), (28,), (), (), (), (3,), (), (), (), ()]
57;41.236000061;[(0,), (), (), (), (), (), (), (33,), (), (), (16,), (), (473,), (), (181,), (), (), (), (317,), ()]
25;43.503000021;[(3, 71, 210, 333, 483), (), (), (), (7,), (), (), (), (204,), (197,), (311,), (), (232,), (41,), (), (), (10,), (), (), ()]
25;45.5769999027;[(), (75,), (), (82,), (), (), (5,), (), (), (), (), (276,), (), (14,), (), (0,), (), (), (88,), ()]
21;42.8710000515;[(), (), (7,), (), (), (), (), (31,), (), (), (16,), (), (), (397,), (30,), (), (), (), (99,), ()]
7;45.1459999084;[(), (69,), (), (181,), (24,), (), (), (), (1,), (), (), (), (200,), (42,), (), (), (28,), (), (187,), ()]
15;43.2200000286;[(), (8,), (), (), (), (80,), (), (), (96,), (), (204,), (15,), (), (0,), (), (), (), (), (440,), ()]
24;45.7580001354;[(48,), (), (25,), (), (), (), (83,), (467,), (), (10,), (), (), (), (), (80,), (), (), (7,), (), ()]
15;44.2479999065;[(24,), (), (), (), (49,), (), (), (), (116,), (), (), (), (), (22,), (), (), (), (33,), (), ()]
6;47.8159999847;[(24,), (), (), (), (91,), (104,), (88,), (), (), (76,), (), (124,), (), (401,), (42,), (), (), (184,), (475,), ()]
18;42.4839999676;[(), (5,), (), (), (), (), (129,), (13,), (), (), (26,), (), (15,), (), (166,), (), (124,), (), (), ()]
43;43.493999958;[(), (7,), (), (), (), (), (), (33,), (), (112,), (162,), (), (), (4,), (), (), (), (216,), (26,), ()]
21;44.4830000401;[(2,), (), (), (), (), (163,), (359,), (), (49,), (), (), (66,), (), (), (), (28,), (), (), (50,), ()]
20;44.2009999752;[(22,), (), (), (28,), (), (), (481,), (), (116,), (9,), (), (), (), (), (3,), (), (), (), (218,), ()]
22;47.625;[(), (241,), (), (117,), (), (24,), (), (), (), (), (15,), (), (447,), (77,), (139,), (), (0,), (), (), ()]
15;46.3010001183;[(), (4,), (), (), (), (15,), (), (74,), (), (), (328,), (1,), (), (), (), (59,), (), (360,), (), ()]
32;41.3559999466;[(), (5,), (), (), (), (16,), (), (), (), (0,), (), (), (), (), (), (33,), (), (), (), ()]
26;47.0889999866;[(4,), (), (), (), (), (124,), (), (317,), (339,), (139,), (), (), (3,), (), (), (), (), (), (162,), ()]
36;44.0699999332;[(), (187,), (23,), (), (), (), (10,), (), (), (), (), (1,), (), (), (), (), (), (), (171,), ()]
34;43.1010000706;[(77,), (), (1,), (), (), (), (), (), (92,), (), (5,), (), (), (), (), (18,), (), (), (), ()]
35;43.8510000706;[(), (22,), (), (), (82,), (), (137,), (21,), (), (7,), (), (), (), (), (), (5,), (), (), (), ()]
42;42.131000042;[(1,), (), (), (), (), (), (10,), (), (), (), (), (2,), (), (), (), (7,), (), (), (), ()]
18;44.0529999733;[(19,), (), (), (99,), (), (44,), (), (25,), (), (), (5,), (), (), (), (), (), (), (), (405,), ()]
33;45.5299999714;[(), (2,), (), (), (), (83,), (), (93,), (), (), (), (39,), (), (), (125,), (0,), (), (), (), ()]
32;48.6959998608;[(335,), (58,), (), (), (3,), (), (), (), (141,), (), (41,), (), (), (16,), (), (), (), (10,), (), ()]
3;45.7569999695;[(), (41,), (), (), (179,), (109,), (), (53,), (9,), (), (), (67,), (232,), (188,), (24,), (), (), (7,), (), ()]
13;46.1790001392;[(56,), (), (397,), (116,), (33,), (), (), (22,), (), (), (), (), (32,), (24,), (), (), (0,), (), (), ()]
23;44.1600000858;[(378,), (76,), (), (), (48,), (), (), (), (), (), (), (0,), (), (), (), (), (), (116,), (318,), ()]
4;48.3279998302;[(44,), (), (15,), (), (), (318,), (109,), (), (380,), (16,), (), (), (), (), (42,), (), (), (), (230,), ()]
18;46.245000124;[(164,), (44,), (), (), (), (), (7,), (), (), (49,), (), (), (19,), (), (), (), (84,), (), (99,), ()]
27;46.1579999924;[(5,), (), (), (), (378,), (317,), (34,), (), (), (1,), (), (), (), (), (342,), (), (201,), (351,), (), ()]
18;43.6009998322;[(), (10,), (), (), (), (), (6,), (), (), (5,), (), (), (), (), (), (328,), (124,), (), (), ()]
22;46.3430001736;[(201,), (), (44,), (), (22,), (), (), (), (), (), (24,), (), (458,), (9,), (), (), (), (5,), (), ()]
25;42.4789998531;[(0,), (), (), (), (), (36,), (), (243,), (5,), (), (), (), (), (), (9,), (), (), (108,), (), ()]
21;42.4739999771;[(), (18,), (), (44,), (), (), (), (), (21,), (232,), (), (), (4,), (), (), (), (), (12,), (), ()]
11;45.0390000343;[(28,), (), (), (22,), (), (), (), (), (8,), (), (248,), (205,), (66,), (), (), (162,), (), (86,), (405,), ()]
49;43.2630000114;[(), (74,), (), (23,), (), (), (), (345,), (21,), (), (), (95,), (), (2,), (), (), (), (), (), ()]
37;42.2790000439;[(9,), (), (), (), (), (3,), (), (), (), (345,), (8,), (), (), (67,), (204,), (), (), (1,), (), ()]
13;47.6129999161;[(108,), (), (), (), (0,), (), (), (), (), (378,), (129,), (181,), (), (14,), (), (), (179,), (163,), (468,), ()]
23;43.5480000973;[(7,), (), (), (), (), (13,), (), (), (3,), (), (), (), (70,), (), (30,), (), (), (), (439,), ()]
51;44.5220000744;[(), (77,), (), (7,), (), (), (), (), (41,), (), (239,), (111,), (), (0,), (), (), (), (), (179,), ()]
4;44.121999979;[(), (99,), (397,), (), (261,), (25,), (), (), (), (105,), (), (), (17,), (), (), (198,), (204,), (34,), (), ()]
35;43.3409998417;[(49,), (), (), (23,), (), (), (), (246,), (292,), (), (27,), (), (0,), (), (), (), (), (7,), (), ()]
6;46.7290000916;[(22,), (), (), (324,), (181,), (), (), (10,), (), (), (), (19,), (), (32,), (), (), (319,), (251,), (), ()]
