Reward,Time,Actions
42,8.01600003242,[(32,), (), (), (61,), (), (39,), (), (), (), (), (), (), (), (), (), (60,), (), (59,), (), ()]
32,8.56299996376,[(16,), (), (), (), (), (24,), (), (99,), (), (21,), (), (), (33,), (), (), (), (), (), (), ()]
20,8.4240000248,[(23,), (), (49,), (), (), (), (), (5,), (), (), (), (), (), (), (33,), (), (), (), (), ()]
38,7.93400001526,[(), (36,), (), (), (), (), (), (), (), (), (), (), (), (), (), (71,), (), (), (), ()]
54,8.11800003052,[(47,), (), (21,), (), (), (), (), (), (), (), (), (), (), (), (), (), (), (), (), ()]
22,8.01999998093,[(34,), (), (), (), (), (), (), (), (), (1,), (), (), (99,), (), (), (), (), (0,), (), ()]
33,7.93499994278,[(59,), (), (49,), (), (), (), (), (), (), (), (), (68,), (99,), (), (), (), (), (8,), (), ()]
34,8.00999999046,[(21,), (), (), (), (), (), (), (), (), (), (), (), (), (), (69,), (), (), (), (), ()]
52,7.24400019646,[(0,), (), (), (), (), (), (), (), (), (), (93,), (), (), (), (), (), (), (), (), ()]
33,8.32999992371,[(99,), (), (), (8,), (), (), (), (), (), (), (), (), (), (), (67,), (), (), (), (), ()]
32,7.93400001526,[(12,), (), (), (), (), (), (), (), (), (5,), (), (), (), (7,), (), (), (), (), (), ()]
27,8.5039999485,[(15,), (), (), (), (), (), (), (), (), (67,), (), (), (), (), (), (), (), (), (), ()]
34,8.91000008583,[(23,), (), (9,), (), (), (), (), (), (), (), (), (), (), (), (), (), (), (), (), ()]
16,8.48099994659,[(21,), (), (), (11,), (), (), (), (), (), (), (), (), (), (), (25,), (), (), (), (), ()]
34,8.65499997139,[(61,), (), (23,), (), (), (), (), (), (), (), (), (), (), (), (), (), (), (), (), ()]
20,8.26999998093,[(21,), (), (), (), (), (), (58,), (), (), (), (), (), (8,), (), (), (), (), (), (), ()]
8,8.70700001717,[(15,), (), (23,), (), (), (), (21,), (), (), (), (), (), (16,), (), (9,), (), (), (), (), ()]
6,8.77200007439,[(), (23,), (), (61,), (), (), (21,), (), (58,), (), (), (), (), (), (), (15,), (), (8,), (), ()]
0,9.05999994278,[(21,), (), (), (), (16,), (), (), (), (15,), (), (), (99,), (), (), (49,), (), (), (), (), ()]
41,7.58599996567,[(15,), (), (), (), (), (), (), (), (), (), (), (0,), (), (34,), (), (), (), (), (), ()]
26,8.44099998474,[(41,), (), (), (), (), (), (), (9,), (), (), (), (), (), (), (), (), (), (), (), ()]
27,8.13300013542,[(16,), (), (), (), (), (), (9,), (), (), (), (17,), (), (), (41,), (), (15,), (), (), (), ()]
42,8.00599980354,[(), (), (21,), (), (), (), (), (), (), (9,), (), (), (), (), (), (), (), (), (), ()]
31,8.33700013161,[(21,), (), (), (), (), (), (), (), (), (), (), (), (), (), (), (), (), (), (), ()]
16,8.85899996758,[(34,), (), (23,), (), (), (), (), (), (15,), (), (), (), (), (), (61,), (), (), (), (), ()]
47,8.50499987602,[(12,), (), (), (), (), (), (), (), (), (), (), (), (), (), (), (), (), (), (), ()]
19,8.05200004578,[(2, 85), (), (), (), (), (), (), (33,), (), (), (12,), (), (), (8,), (), (), (), (), (), ()]
9,8.77300000191,[(21,), (), (24,), (), (74,), (), (12,), (), (), (), (), (), (), (), (9,), (), (), (), (), ()]
26,8.19400000572,[(39,), (), (9,), (), (), (), (), (8,), (), (), (), (), (), (), (), (), (), (0,), (), ()]
39,7.85000014305,[(40,), (), (), (), (), (), (), (), (), (), (), (), (), (8,), (), (), (), (), (), ()]
21,8.58899998665,[(34,), (), (), (), (49,), (), (), (), (), (), (), (), (21,), (), (), (), (), (), (), ()]
46,8.14699983597,[(21,), (), (74,), (), (), (), (), (), (), (), (), (), (), (), (), (), (), (), (), ()]
15,8.52600002289,[(99,), (), (), (36,), (), (1,), (), (), (), (), (), (), (8,), (), (), (), (), (0,), (), ()]
25,8.1890001297,[(9, 62), (), (), (), (), (), (61,), (), (), (), (11,), (), (), (), (), (), (), (), (), ()]
29,8.07399988174,[(61,), (), (7,), (), (), (), (), (), (), (), (41,), (), (), (), (), (), (), (), (), ()]
11,8.6130001545,[(61,), (), (), (), (), (66,), (), (), (), (), (), (), (67,), (), (), (), (), (), (), ()]
29,8.89999985695,[(74,), (), (), (), (21,), (), (), (), (), (), (), (), (), (), (), (), (), (), (), ()]
25,8.81700015068,[(21,), (), (), (23,), (), (9,), (), (), (), (), (), (), (), (), (), (), (), (), (), ()]
40,8.20999979973,[(32,), (), (99,), (), (24,), (), (), (), (), (), (), (), (), (), (), (), (), (), (), ()]
25,8.57300019264,[(24,), (), (23,), (), (), (49,), (), (), (), (), (), (), (), (), (16,), (), (), (), (), ()]
25,8.39399981499,[(), (23,), (), (), (), (), (), (15,), (), (), (), (8,), (), (), (), (), (), (), (), ()]
38,8.36600017548,[(), (9,), (), (), (), (), (), (), (), (), (), (), (), (), (), (), (), (), (), ()]
35,7.90199995041,[(9,), (), (), (), (), (), (), (), (), (), (), (), (), (), (16,), (), (), (), (), ()]
32,7.67000007629,[(), (15,), (), (), (), (), (), (), (), (), (16,), (), (), (), (10,), (), (23,), (), (), ()]
16,8.55799984932,[(13, 53), (), (), (41,), (), (), (), (9,), (), (), (91,), (), (16,), (), (), (11,), (), (), (), ()]
29,9.01200008392,[(23,), (), (15,), (), (), (26,), (), (), (24,), (), (), (), (91,), (), (), (), (), (), (), ()]
10,8.73799991608,[(), (32,), (), (9,), (), (36,), (), (74,), (), (), (), (), (), (), (), (4,), (), (), (), ()]
40,8.03600001335,[(40,), (), (21,), (), (), (), (), (), (), (), (), (), (), (), (), (0,), (), (), (), ()]
28,8.01900005341,[(32,), (), (), (), (), (), (), (), (74,), (), (), (), (), (7,), (), (), (), (), (), ()]
21,8.56699991226,[(36,), (), (), (), (), (), (), (), (), (7,), (), (), (), (), (), (), (), (), (), ()]
15,8.6289999485,[(), (99,), (), (34,), (), (21,), (), (8,), (), (), (), (), (), (), (), (80,), (), (), (), ()]
4,8.72400021553,[(), (), (9,), (), (), (), (36,), (), (), (16,), (), (15,), (), (), (7,), (), (), (0,), (), ()]
32,8.43499994278,[(), (94,), (), (), (), (23,), (), (), (), (), (), (), (), (0,), (), (), (), (), (), ()]
42,8.49499988556,[(76,), (), (), (), (), (9,), (), (), (), (), (), (), (), (), (), (), (), (), (), ()]
42,8.5720000267,[(), (15,), (), (), (24,), (), (), (), (21,), (), (), (), (), (), (), (), (), (), (), ()]
45,7.73099994659,[(32,), (), (), (), (), (), (), (), (), (), (), (), (7,), (), (), (), (), (), (), ()]
19,8.77100014687,[(), (66,), (), (), (), (), (), (), (), (24,), (), (20,), (), (), (), (), (), (), (), ()]
28,7.75099992752,[(52, 76, 83), (), (), (), (), (), (), (), (), (8,), (), (), (26,), (32,), (), (), (), (), (), ()]
23,8.39100003242,[(74,), (), (9,), (), (), (), (), (), (41,), (), (), (), (), (), (), (), (15,), (), (), ()]
38,8.81900000572,[(), (23,), (), (34,), (), (88,), (), (99,), (), (), (49,), (), (), (), (), (), (), (), (), ()]
18,8.4240000248,[(36,), (), (9,), (), (), (15,), (), (), (), (), (), (), (), (), (), (8,), (), (), (), ()]
10,8.6289999485,[(23,), (), (), (), (), (), (), (), (49,), (), (74,), (), (), (), (58,), (), (), (25,), (), ()]
28,8.33299994469,[(), (21,), (), (), (13,), (), (), (), (9,), (), (), (), (), (), (), (), (), (), (), ()]
22,8.03900003433,[(11,), (), (), (), (), (), (), (32,), (), (24,), (), (), (7,), (), (), (15,), (), (), (), ()]
17,8.38400006294,[(51,), (), (), (9,), (), (), (), (), (), (), (16,), (), (41,), (), (), (), (), (1,), (), ()]
19,8.81200003624,[(23,), (), (8,), (), (), (), (16,), (), (), (), (74,), (), (99,), (59,), (), (), (), (), (), ()]
19,8.382999897,[(21,), (), (), (), (), (30,), (), (), (), (), (), (), (26,), (), (), (32,), (), (), (), ()]
29,7.73300004005,[(21,), (), (), (), (), (), (), (), (), (), (), (32,), (), (17,), (), (43,), (), (61,), (), ()]
12,8.56500005722,[(49,), (), (7,), (), (), (), (), (), (), (16,), (), (), (), (), (0,), (), (), (), (), ()]
33,8.21299982071,[(49,), (), (), (), (), (9,), (), (), (), (), (), (), (), (), (), (17,), (), (), (), ()]
14,8.60199999809,[(61,), (), (12,), (), (), (49,), (), (11,), (), (), (), (), (), (), (), (41,), (), (42,), (), ()]
50,7.99900007248,[(21,), (), (34,), (), (16,), (), (), (), (), (), (), (), (), (), (), (), (), (), (), ()]
16,8.63100004196,[(21,), (), (), (34,), (), (32,), (), (13,), (), (23,), (), (), (), (), (), (), (7,), (), (), ()]
32,8.33999991417,[(99,), (), (9,), (), (), (), (), (), (), (), (), (), (), (), (), (), (), (), (), ()]
31,8.96300005913,[(15,), (), (33,), (), (), (), (49,), (), (), (), (), (), (), (), (), (), (), (), (), ()]
40,7.98200011253,[(32,), (), (), (), (), (), (), (), (), (), (), (), (), (), (), (), (), (), (), ()]
20,8.36099982262,[(74,), (), (32,), (), (), (), (), (), (), (), (), (), (), (59,), (), (16,), (), (), (), ()]
31,7.96399998665,[(24,), (), (), (), (), (), (), (), (), (), (8,), (), (), (), (), (), (), (), (), ()]
36,8.617000103,[(11,), (), (), (), (), (), (), (), (), (), (), (), (), (), (), (0,), (), (), (), ()]
13,8.47600007057,[(15,), (), (), (), (), (), (), (9,), (), (36,), (), (), (58,), (), (83,), (), (7,), (), (), ()]
29,8.34500002861,[(39,), (), (), (21,), (), (), (), (), (), (), (), (), (), (), (), (), (86,), (), (), ()]
38,8.132999897,[(), (72,), (), (), (), (), (), (), (), (), (), (), (), (), (), (), (), (), (), ()]
29,7.81399989128,[(7,), (), (), (), (), (), (), (), (), (), (), (0,), (), (), (), (24,), (), (), (), ()]
10,9.10800004005,[(24,), (), (), (74,), (), (), (41,), (), (23,), (), (32,), (), (), (), (), (7,), (), (), (), ()]
36,7.85199999809,[(6, 14), (), (), (), (), (), (), (), (), (), (), (), (), (), (), (0,), (), (), (), ()]
23,8.32899999619,[(23,), (), (), (), (), (), (), (), (21,), (), (), (), (), (), (), (16,), (), (), (), ()]
23,8.2990000248,[(), (21,), (), (9,), (), (), (), (), (), (), (), (83,), (), (0,), (), (), (), (), (), ()]
34,8.27500009537,[(30,), (), (21,), (), (), (15,), (), (), (), (7,), (), (), (), (), (), (), (), (), (), ()]
29,8.25099992752,[(21,), (), (), (), (12,), (), (), (), (), (9,), (), (), (), (), (), (), (), (), (), ()]
35,8.39700007439,[(49,), (), (), (), (), (), (), (41,), (), (9,), (), (), (), (), (), (), (), (), (), ()]
-3,8.96899986267,[(7,), (), (), (), (74,), (), (), (11,), (), (), (23,), (), (), (3,), (), (), (), (32,), (10,), ()]
23,8.74500012398,[(72,), (), (), (21,), (), (), (41,), (), (), (), (3,), (), (), (), (), (), (), (), (), ()]
39,7.96099996567,[(34,), (), (), (), (), (), (), (), (), (), (), (), (), (), (), (9,), (), (), (76,), ()]
34,8.33100008965,[(91,), (), (), (), (), (), (24,), (), (), (), (), (), (), (), (), (), (), (), (), ()]
27,8.35199999809,[(91,), (), (), (), (), (), (), (), (8,), (), (), (), (33,), (), (), (), (), (), (), ()]
34,7.94899988174,[(22,), (), (), (), (), (), (), (), (), (), (8,), (), (), (), (), (), (), (), (), ()]
31,7.76600003242,[(24,), (), (), (), (), (), (), (), (8,), (), (), (), (), (), (), (17,), (), (), (), ()]
19,8.25699996948,[(83,), (), (11,), (), (), (), (), (), (16,), (), (), (), (), (0,), (), (25,), (), (), (), ()]
12,8.48300004005,[(0,), (), (), (), (), (), (23,), (), (41,), (), (), (), (91,), (), (), (8,), (), (), (), ()]
30,8.60299992561,[(59,), (), (21,), (), (), (), (), (), (), (), (), (), (), (), (), (), (), (), (), ()]
39,8.46200013161,[(49,), (), (), (), (), (), (), (), (), (), (), (), (), (), (), (), (), (), (), ()]
32,8.01499986649,[(21,), (), (), (), (), (), (), (), (), (), (), (18,), (), (), (), (), (), (), (), ()]
9,8.32300019264,[(21,), (), (15,), (), (), (), (), (), (), (), (25,), (), (), (41,), (), (32,), (), (), (), ()]
28,8.45599985123,[(91,), (), (), (), (), (), (), (74,), (), (15,), (), (), (8,), (), (), (), (), (), (), ()]
37,8.78800010681,[(21,), (), (), (), (), (), (), (), (), (), (), (), (), (), (), (), (), (), (), ()]
38,7.81999993324,[(36,), (), (), (8,), (), (), (), (), (), (), (), (67,), (), (), (), (0,), (), (), (), ()]
38,8.88700008392,[(0, 6), (), (), (), (), (), (), (), (), (), (), (), (), (), (), (), (), (), (), ()]
18,8.49399995804,[(32,), (), (74,), (), (), (), (), (), (), (), (15,), (), (58,), (), (), (7,), (), (), (), ()]
28,8.30999994278,[(32,), (), (), (21,), (), (), (), (), (), (), (), (), (23,), (), (), (0,), (), (), (), ()]
19,8.42700004578,[(59,), (), (11,), (), (), (), (), (7,), (), (), (), (), (), (16,), (), (), (8,), (), (), ()]
34,8.07299995422,[(74,), (), (), (), (), (), (), (), (), (), (), (), (), (), (), (), (), (), (), ()]
18,8.40700006485,[(21,), (), (), (), (), (11,), (), (9,), (), (), (5,), (), (), (), (), (), (), (), (), ()]
21,8.08299994469,[(41,), (), (), (), (), (), (), (), (15,), (), (), (), (), (8,), (), (), (32,), (23,), (), ()]
-1,8.98099994659,[(61,), (), (15,), (), (), (24,), (), (9,), (), (41,), (), (), (), (34,), (), (), (), (), (59,), ()]
37,8.19799995422,[(99,), (), (), (), (), (), (), (), (), (), (), (61,), (), (), (), (), (), (), (), ()]
32,7.71399998665,[(21,), (), (), (), (), (), (), (), (), (18,), (), (), (), (), (), (67,), (), (), (), ()]
18,8.48000001907,[(0,), (), (), (), (), (), (), (), (16,), (), (), (), (67,), (), (), (), (), (), (), ()]
38,8.39400005341,[(), (9,), (), (), (), (15,), (), (), (), (), (), (), (), (), (), (), (), (), (), ()]
33,8.65600013733,[(40,), (), (), (21,), (), (), (), (), (), (), (), (), (), (), (), (), (), (), (), ()]
15,8.37999987602,[(9,), (), (34,), (), (), (), (), (), (), (15,), (), (), (), (), (), (), (25,), (), (), ()]
39,7.91799998283,[(39, 67), (), (), (), (), (), (), (), (), (15,), (), (83,), (), (8,), (), (), (), (), (), ()]
34,9.01200008392,[(9, 20, 79, 97), (), (), (), (), (), (), (), (), (), (), (), (), (), (), (), (), (), (), ()]
35,8.19899988174,[(4,), (), (), (), (24,), (), (), (), (), (), (), (), (), (), (7,), (), (), (), (), ()]
48,8.10800004005,[(24,), (), (), (), (), (), (), (), (), (), (), (), (), (), (), (), (), (), (), ()]
46,8.3220000267,[(22, 27, 52), (), (), (), (), (), (), (), (93,), (), (), (), (), (), (), (), (), (), (), ()]
38,8.48699998856,[(59,), (), (30,), (), (), (), (), (36,), (), (), (), (), (), (), (), (), (), (), (), ()]
42,8.89700007439,[(59,), (), (), (), (), (), (), (), (), (), (), (), (), (), (), (), (), (), (), ()]
33,8.08999991417,[(15,), (), (), (), (9,), (), (), (), (), (), (), (), (), (92,), (), (), (), (), (), ()]
21,8.67499995232,[(59,), (), (9,), (), (), (), (), (), (16,), (), (), (), (), (), (), (), (7,), (), (), ()]
27,8.35899996758,[(41,), (), (9,), (), (), (), (), (), (), (), (), (), (), (), (), (25,), (), (32,), (50,), ()]
23,8.62000012398,[(61,), (), (), (), (), (), (), (), (), (), (24,), (), (), (), (8,), (), (7,), (), (), ()]
31,7.70300006866,[(7,), (), (), (), (), (), (), (), (), (49,), (), (), (9,), (), (), (16,), (), (), (), ()]
2,9.10699987411,[(23,), (), (), (74,), (), (), (), (32,), (), (24,), (), (15,), (), (7,), (), (), (), (), (), ()]
25,7.9430000782,[(21,), (), (), (), (), (), (), (), (), (25,), (), (34,), (), (), (), (33,), (), (), (), ()]
38,8.52300000191,[(24,), (), (34,), (), (), (12,), (), (66,), (), (), (), (), (), (), (), (), (), (), (), ()]
4,8.76099991798,[(7,), (), (23,), (), (), (), (32,), (), (), (), (9,), (), (), (), (), (11,), (), (), (), ()]
33,8.99399995804,[(36,), (), (), (), (91,), (), (61,), (), (), (), (), (24,), (), (41,), (), (), (), (), (), ()]
29,8.60300016403,[(21,), (), (91,), (), (16,), (), (), (), (99,), (74,), (), (), (), (), (), (), (), (), (), ()]
44,8.43099999428,[(15,), (), (20,), (), (91,), (), (36,), (), (), (), (), (), (), (), (), (), (), (), (), ()]
26,7.94400000572,[(10,), (), (), (), (), (), (), (), (7,), (), (), (), (), (), (), (11,), (), (), (), ()]
31,8.65299987793,[(74,), (), (41,), (), (36,), (), (), (24,), (), (), (), (), (), (), (), (), (), (), (), ()]
34,8.13100004196,[(67,), (), (), (49,), (), (), (), (), (), (), (), (), (), (), (), (), (32,), (), (), ()]
22,8.28900003433,[(15,), (), (), (), (), (), (), (), (), (), (), (), (92,), (), (), (), (), (), (), ()]
8,8.91599988937,[(86,), (), (23,), (), (34,), (), (), (32,), (), (11,), (), (), (), (), (), (49,), (), (), (), ()]
38,8.19500017166,[(24,), (), (21,), (), (), (15,), (), (), (), (), (), (), (), (), (), (), (), (), (), ()]
13,8.55099987984,[(40, 47, 53, 70, 85), (), (), (24,), (), (49,), (), (61,), (), (), (), (), (), (), (), (), (), (), (), ()]
24,8.26999998093,[(86,), (), (), (), (), (), (), (), (), (), (), (17,), (), (16,), (), (23,), (), (), (), ()]
30,7.53500008583,[(17, 26, 30, 78), (), (), (), (), (), (), (), (), (53,), (92,), (), (91,), (), (), (), (), (), (), ()]
1,9.0490000248,[(59,), (), (36,), (), (23,), (), (99,), (), (9,), (), (), (24,), (), (), (), (15,), (), (), (), ()]
30,7.9849998951,[(99,), (), (), (), (24,), (), (), (), (), (), (), (), (25,), (), (), (), (61,), (), (), ()]
25,8.20900011063,[(59,), (), (), (), (), (), (), (), (), (), (), (), (), (), (), (34,), (32,), (), (), ()]
33,8.22399997711,[(83,), (), (), (), (3,), (), (), (), (), (), (), (), (), (), (), (), (0,), (), (), ()]
17,8.38199996948,[(15,), (), (), (), (), (), (), (), (), (), (), (66,), (), (), (), (33,), (), (), (), ()]
13,8.74699997902,[(15,), (), (), (), (), (), (34,), (), (), (), (), (), (49,), (), (), (86,), (), (), (), ()]
19,8.27900004387,[(4, 47), (), (), (), (), (), (), (), (), (), (), (), (), (12,), (), (29,), (), (), (), ()]
11,8.63899993896,[(36,), (), (), (24,), (), (15,), (), (), (9,), (), (), (), (), (), (), (), (7,), (), (), ()]
33,8.28500008583,[(23,), (), (), (), (), (), (), (15,), (), (24,), (), (7,), (), (), (), (), (), (), (), ()]
28,8.58400011063,[(21,), (), (), (), (13,), (), (), (16,), (), (), (), (), (), (), (), (), (), (), (), ()]
5,8.61099982262,[(21,), (), (49,), (), (), (), (), (), (15,), (), (), (), (18,), (), (), (16,), (), (), (), ()]
31,8.43300008774,[(32,), (), (), (15,), (), (74,), (), (21,), (), (), (), (), (), (), (), (), (), (), (), ()]
49,9.24300003052,[(13,), (), (), (), (), (), (), (), (), (), (), (), (), (), (), (), (), (), (), ()]
35,7.80999994278,[(7,), (), (), (), (), (), (), (), (), (58,), (), (9,), (), (), (), (93,), (), (), (), ()]
46,8.4319999218,[(52,), (), (), (), (), (), (), (), (), (), (), (), (), (), (), (), (), (), (), ()]
34,8.26600003242,[(91,), (), (), (), (), (), (), (), (), (), (), (), (), (), (), (8,), (), (), (), ()]
10,8.47699999809,[(1,), (), (), (), (), (), (), (7,), (), (), (9,), (), (41,), (), (), (), (), (), (), ()]
29,8.1970000267,[(15,), (), (11,), (), (), (), (), (), (), (), (), (), (), (), (51,), (), (24,), (), (), ()]
37,8.66700005531,[(23,), (), (), (), (), (), (), (), (), (59,), (), (), (), (), (), (), (), (), (), ()]
38,7.76200008392,[(15,), (), (), (), (), (), (24,), (), (), (), (), (7,), (), (), (), (), (), (), (), ()]
30,8.69799995422,[(36,), (), (10,), (), (), (), (), (24,), (), (), (), (21,), (), (), (), (), (), (), (), ()]
21,8.56599998474,[(33,), (), (), (), (), (), (), (), (), (), (8,), (), (), (), (), (), (), (), (), ()]
21,8.70700001717,[(32,), (), (74,), (), (50,), (), (), (), (), (), (), (), (), (), (), (0,), (), (), (), ()]
45,8.28199982643,[(72,), (), (), (), (), (), (), (), (), (), (58,), (), (), (), (), (), (), (), (), ()]
23,9.00100016594,[(21,), (), (36,), (), (), (), (), (), (), (), (), (), (), (), (), (), (), (), (), ()]
22,7.83699989319,[(8,), (), (), (), (), (), (), (25,), (), (23,), (), (84,), (), (), (), (), (1,), (), (), ()]
28,8.12600016594,[(15,), (), (), (), (), (), (), (), (), (), (), (), (), (7,), (), (), (), (), (), ()]
11,8.76699995995,[(15,), (), (21,), (), (), (), (), (49,), (), (11,), (), (), (), (16,), (), (), (), (), (), ()]
16,8.97099995613,[(99,), (), (21,), (), (24,), (), (), (9,), (), (), (), (8,), (), (), (7,), (), (), (), (), ()]
14,8.82800006866,[(23,), (), (), (41,), (), (), (), (99,), (), (28,), (), (7,), (), (), (), (), (), (), (), ()]
39,7.85899996758,[(32,), (), (), (), (), (), (), (), (), (), (74,), (), (), (83,), (34,), (), (), (), (), ()]
41,7.49899983406,[(9,), (), (), (), (), (), (), (), (), (), (), (), (7,), (), (), (), (), (), (), ()]
11,8.77100014687,[(), (99,), (), (21,), (), (), (), (7,), (), (), (16,), (), (), (), (), (), (), (42,), (61,), ()]
37,7.87999987602,[(), (16,), (), (), (), (), (), (), (), (), (50,), (), (), (), (), (68,), (), (), (), ()]
14,8.87900018692,[(12,), (), (), (), (), (74,), (), (), (), (), (), (7,), (), (), (0,), (), (), (), (), ()]
27,8.21299982071,[(15,), (), (), (9,), (), (), (), (), (), (), (), (), (), (41,), (), (), (25,), (), (), ()]
8,8.95700001717,[(34,), (), (9,), (), (), (), (), (), (24,), (), (32,), (), (), (), (), (), (7,), (), (), ()]
6,8.56299996376,[(21,), (), (), (), (), (80,), (), (23,), (), (), (), (66,), (), (), (16,), (), (), (25,), (99,), ()]
44,8.03700017929,[(24,), (), (), (), (), (), (), (), (), (), (), (), (), (), (), (), (), (), (), ()]
43,8.35399985313,[(21,), (), (), (), (), (34,), (), (), (), (), (), (), (), (), (), (), (), (), (), ()]
1,9.0720000267,[(20,), (), (), (), (61,), (), (15,), (), (), (49,), (), (), (13,), (), (), (24,), (), (), (), ()]
45,8.91499996185,[(9,), (), (), (), (), (), (), (), (), (), (), (), (), (), (), (), (), (), (), ()]
19,8.92100000381,[(24,), (), (), (59,), (), (), (58,), (), (), (23,), (), (), (), (), (16,), (), (), (), (), ()]
10,8.8900001049,[(13,), (), (), (61,), (), (), (), (), (), (), (), (99,), (), (41,), (), (8,), (), (), (), ()]
35,8.41400003433,[(49,), (), (), (), (23,), (), (), (), (), (), (), (), (), (), (), (11,), (), (), (), ()]
19,8.77600002289,[(36,), (), (15,), (), (), (), (), (), (), (16,), (), (), (), (), (), (), (), (59,), (49,), ()]
2,8.84499979019,[(32,), (), (9,), (), (), (), (66,), (), (15,), (), (), (), (61,), (), (24,), (), (16,), (), (7,), ()]
26,8.41600012779,[(15,), (), (), (), (), (), (), (), (), (), (), (), (16,), (), (), (), (), (), (), ()]
16,8.86400008202,[(41,), (), (), (), (11,), (), (), (), (), (9,), (), (), (), (), (), (), (), (), (), ()]
17,8.66499996185,[(10,), (), (16,), (), (34,), (), (), (), (), (9,), (), (), (), (), (), (), (), (), (), ()]
11,8.66400003433,[(21,), (), (), (9,), (), (), (), (), (), (), (), (), (49,), (), (16,), (), (), (), (), ()]
18,8.382999897,[(14, 19, 69, 80), (), (), (), (), (), (), (), (), (), (), (26,), (), (), (), (), (), (), (), ()]
