Reward,Time,Actions
38,8.64400005341,[(15,), (), (), (), (21,), (), (), (), (), (), (), (), (), (), (), (), (), (), (), ()]
28,8.14299988747,[(21,), (), (), (), (), (), (), (59,), (), (41,), (), (), (), (), (), (), (), (), (), ()]
37,8.65500020981,[(39,), (), (21,), (), (), (24,), (), (49,), (), (), (), (), (), (), (), (), (), (), (), ()]
12,8.70299983025,[(41,), (), (), (), (), (), (), (), (), (15,), (), (49,), (), (9,), (), (), (92,), (), (), ()]
30,8.5150001049,[(24,), (), (), (9,), (), (), (), (), (), (4,), (), (), (), (), (), (), (), (), (), ()]
33,7.84999990463,[(59,), (), (), (), (), (), (), (), (), (), (), (), (), (42,), (), (), (26,), (), (), ()]
22,8.51999998093,[(21,), (), (), (), (), (), (), (), (), (9,), (), (4,), (), (), (23,), (), (), (), (), ()]
5,9.15400004387,[(99,), (), (21,), (), (), (74,), (), (), (), (), (), (9,), (), (), (), (91,), (), (), (), ()]
32,8.41100001335,[(21,), (), (11,), (), (), (), (), (), (), (), (), (), (), (), (), (), (), (), (), ()]
44,8.08699989319,[(74,), (), (), (23,), (), (), (), (), (), (), (), (), (), (88,), (99,), (86,), (), (), (), ()]
