Reward;Time;Actions
-2;18.9449999332;[(), (36,), (), (49,), (32,), (74,), (), (66,), (), (41,), (), (23,), (99,), (), (61,), (), (24,), (), (), ()]
-2;15.0469999313;[(), (), (), (), (), (), (), (), (70,), (32,), (), (), (), (60,), (23,), (74,), (), (), (), ()]
-1;15.7910001278;[(), (), (29,), (), (), (), (59,), (), (), (58,), (), (9,), (), (), (), (), (), (), (), ()]
0;12.7919998169;[(), (), (), (), (), (), (), (), (), (), (), (), (), (), (), (), (), (), (), ()]
-2;14.4270000458;[(), (), (), (), (), (70,), (), (), (), (), (29,), (), (), (), (), (), (), (), (), ()]
-1;16.2680001259;[(), (), (58,), (), (), (25,), (), (), (), (99,), (), (62,), (21,), (), (), (), (), (), (), ()]
-3;15.4210000038;[(67,), (), (), (), (), (), (), (), (), (37,), (), (43,), (), (), (), (), (), (), (), ()]
3;14.768999815;[(), (78,), (), (), (), (), (), (), (85,), (), (), (), (), (), (), (), (), (), (), ()]
4;15.8450000286;[(), (), (), (96,), (), (), (41,), (), (), (), (34,), (), (), (), (), (), (), (), (), ()]
-5;16.2590000629;[(83,), (30,), (), (), (), (), (), (88,), (), (), (29,), (), (74,), (74,), (), (), (), (), (), ()]
2;17.5880000591;[(50,), (), (59,), (32,), (), (96,), (), (), (), (), (), (), (), (), (), (), (), (), (), ()]
-5;15.9549999237;[(), (19,), (), (), (66,), (), (99,), (), (44,), (59,), (), (), (83,), (), (70,), (), (1,), (32,), (), ()]
3;16.367000103;[(1,), (), (), (), (), (85,), (), (), (), (), (23,), (32,), (61,), (74,), (), (), (), (), (), ()]
0;15.1640000343;[(), (), (), (), (95,), (), (), (), (), (), (), (), (64,), (32,), (), (), (), (), (), ()]
1;13.7209999561;[(), (), (), (), (), (), (), (88,), (), (), (), (), (), (), (), (), (), (), (), ()]
-6;14.4549999237;[(), (), (), (99,), (), (), (), (), (), (), (54,), (32,), (23,), (9,), (49,), (), (34,), (24,), (), ()]
4;13.4830000401;[(), (), (), (), (), (), (), (), (), (66,), (), (), (), (), (), (), (), (), (), ()]
2;14.2960000038;[(), (), (63,), (), (), (), (), (), (), (), (), (), (), (88,), (), (), (), (), (), ()]
7;15.6800000668;[(25,), (), (23,), (), (), (), (), (), (80,), (32,), (), (), (), (), (), (), (), (), (), ()]
12;15.510999918;[(), (), (), (32,), (41,), (), (), (), (99,), (), (), (), (), (), (), (), (), (), (), ()]
-1;14.743999958;[(), (88,), (), (), (), (), (), (), (), (), (), (70,), (), (99,), (), (), (), (), (), ()]
0;15.9700000286;[(58,), (), (), (), (), (), (66,), (), (), (), (), (), (), (), (), (), (), (), (), ()]
-1;12.4869999886;[(), (), (), (), (), (), (), (), (), (), (), (), (), (), (), (), (29,), (), (34,), ()]
0;12.8150000572;[(), (), (), (), (), (), (), (), (), (), (), (), (), (), (), (), (), (), (), ()]
16;14.5429999828;[(8,), (), (), (74,), (), (), (), (), (), (95,), (), (41,), (), (), (), (99,), (), (), (), ()]
2;15.0699999332;[(), (), (), (), (29,), (), (), (), (88,), (), (), (), (), (), (), (), (), (), (), ()]
-1;16.7460000515;[(25,), (), (), (), (), (74,), (86,), (), (38,), (), (66,), (), (59,), (), (), (), (), (), (), ()]
-6;14.8410000801;[(), (), (), (88,), (), (), (), (87,), (), (), (), (), (), (37,), (32,), (99,), (), (58,), (74,), ()]
4;15.2329998016;[(), (74,), (49,), (32,), (), (), (), (), (), (), (), (), (), (), (), (), (76,), (), (), ()]
-1;16.7920000553;[(58,), (), (), (), (), (5,), (), (88,), (), (), (), (), (), (), (), (), (), (), (), ()]
2;18.0020000935;[(67,), (74,), (), (99,), (), (), (23,), (), (), (), (), (), (), (), (), (), (29,), (), (), ()]
-1;13.2869999409;[(), (), (), (), (), (), (), (), (), (), (), (), (), (95,), (), (), (), (), (), ()]
-3;16.2490000725;[(7,), (), (), (), (), (36,), (), (), (), (), (), (), (), (), (41,), (), (87,), (), (), ()]
-2;15.371999979;[(58,), (), (), (), (), (), (), (), (25,), (), (), (69,), (), (32,), (), (23,), (80,), (), (99,), ()]
2;16.6059999466;[(), (), (), (88,), (), (), (), (83,), (), (), (95,), (), (), (23,), (), (), (), (), (), ()]
-7;17.6970000267;[(33,), (86,), (32,), (74,), (), (), (), (), (), (), (), (), (46,), (59,), (23,), (99,), (), (), (), ()]
1;15.1729998589;[(), (), (), (17,), (), (32,), (), (), (), (), (66,), (), (), (), (), (), (), (), (), ()]
5;14.2990000248;[(), (), (), (88,), (), (), (), (), (), (), (), (), (), (), (), (), (), (), (), ()]
0;13.5150001049;[(), (), (), (), (), (), (), (), (), (), (), (53,), (), (99,), (58,), (), (32,), (74,), (), ()]
1;13.242000103;[(), (), (), (), (), (), (), (29,), (), (), (), (), (), (), (), (88,), (), (32,), (), ()]
-2;21.0460000038;[(75,), (), (23,), (), (99,), (), (86,), (32,), (74,), (), (83,), (), (), (), (), (), (), (), (), ()]
-4;14.6679999828;[(66,), (), (), (), (), (), (), (), (), (), (), (), (79,), (59,), (88,), (), (), (), (), ()]
-1;15.0849997997;[(), (), (29,), (), (), (), (), (88,), (), (), (), (), (), (12,), (34,), (32,), (), (), (), ()]
-1;16.3430001736;[(25,), (), (), (), (), (), (), (20,), (), (99,), (32,), (), (), (), (), (), (), (), (), ()]
6;16.7349998951;[(58,), (), (), (23,), (), (32,), (99,), (), (), (), (), (), (), (), (), (), (), (), (), ()]
5;18.4760000706;[(83,), (), (), (32,), (24,), (), (36,), (), (74,), (), (), (), (), (76,), (), (), (), (), (), ()]
2;15.4049999714;[(), (80,), (), (), (), (), (), (88,), (), (), (), (), (), (), (), (), (), (), (), ()]
8;13.489000082;[(), (), (), (), (), (), (), (88,), (), (), (), (), (), (), (), (), (), (), (), ()]
2;15.5959999561;[(8,), (), (), (), (), (), (), (88,), (), (), (), (), (), (), (), (), (), (), (), ()]
5;16.8299999237;[(), (), (88,), (), (78,), (), (), (), (99,), (23,), (), (), (), (), (), (), (), (), (), ()]
10;16.7160000801;[(), (84,), (), (), (87,), (), (23,), (74,), (), (), (), (), (49,), (99,), (), (), (), (), (), ()]
1;16.5039999485;[(66,), (), (32,), (23,), (), (), (), (), (76,), (), (88,), (), (), (), (90,), (23,), (), (), (), ()]
-1;17.1659998894;[(), (96,), (32,), (21,), (49,), (74,), (), (), (), (), (), (88,), (), (), (), (), (), (), (), ()]
-1;16.4079999924;[(7,), (32,), (23,), (), (), (), (), (), (), (), (), (), (81,), (), (), (49,), (24,), (99,), (), ()]
-2;18.873000145;[(), (58,), (), (32,), (23,), (), (74,), (), (), (80,), (), (99,), (24,), (), (), (), (), (), (), ()]
3;15.5580000877;[(), (), (), (87,), (15,), (), (23,), (), (), (), (), (48,), (), (70,), (), (), (), (), (), ()]
-5;16.5269999504;[(), (20,), (), (), (), (15,), (), (19,), (), (62,), (23,), (), (), (), (), (), (), (), (), ()]
-1;16.0929999352;[(7,), (), (), (), (), (), (88,), (), (), (), (98,), (), (), (), (), (), (), (), (), ()]
-1;15.5220000744;[(), (), (), (), (96,), (), (74,), (), (), (), (), (), (95,), (), (), (), (), (), (), ()]
2;13.2359998226;[(), (), (), (), (), (), (), (), (), (), (), (88,), (), (), (), (), (76,), (), (), ()]
-4;14.992000103;[(), (88,), (32,), (), (), (), (), (), (), (), (87,), (59,), (99,), (), (), (), (), (), (), ()]
-1;17.1510000229;[(75,), (41,), (), (), (), (), (), (37,), (), (), (), (), (94,), (), (), (), (), (), (), ()]
-4;13.9530000687;[(), (), (), (), (), (), (), (), (), (95,), (32,), (59,), (99,), (23,), (), (), (98,), (), (), ()]
-2;15.6999998093;[(), (88,), (), (), (), (21,), (), (), (), (), (), (22,), (), (), (), (), (), (), (), ()]
-6;15.0180001259;[(), (), (), (), (), (37,), (), (), (), (62,), (23,), (), (), (49,), (32,), (74,), (99,), (10,), (), ()]
2;14.2860000134;[(), (), (), (), (66,), (), (), (), (), (), (), (), (), (), (), (), (), (), (), ()]
-1;13.8510000706;[(), (), (), (), (), (), (), (), (94,), (), (), (), (), (), (), (), (), (), (), ()]
-1;14.0699999332;[(), (), (), (), (66,), (), (), (), (), (), (), (), (), (), (), (), (), (), (), ()]
3;14.8289999962;[(), (), (), (), (29,), (), (), (), (), (), (), (88,), (), (), (), (), (), (), (), ()]
-1;15.0499999523;[(8,), (), (32,), (), (), (), (), (), (), (), (), (), (), (1,), (), (), (), (), (), ()]
2;16.9219999313;[(8,), (), (), (), (32,), (), (70,), (), (4,), (59,), (33,), (), (), (), (), (), (), (), (), ()]
-1;16.9730000496;[(), (), (69,), (), (80,), (49,), (), (), (), (24,), (), (), (32,), (74,), (66,), (), (), (), (), ()]
13;17.1879999638;[(41,), (), (), (), (), (), (), (), (23,), (99,), (), (), (), (), (), (), (), (), (), ()]
2;16.2990000248;[(), (), (), (28,), (), (), (), (99,), (), (), (), (), (), (), (41,), (), (), (), (), ()]
-2;14.4530000687;[(), (), (), (), (37,), (), (), (), (), (), (), (), (25,), (), (), (), (), (), (), ()]
-2;14.8910000324;[(), (62,), (), (), (), (), (), (), (), (), (54,), (), (), (), (), (), (), (), (), ()]
-1;18.4830000401;[(66,), (), (), (74,), (32,), (), (), (), (87,), (99,), (), (), (88,), (), (), (19,), (), (), (), ()]
5;14.1739997864;[(), (), (), (), (), (66,), (), (), (), (24,), (61,), (), (), (), (23,), (), (), (), (), ()]
1;15.0070002079;[(), (), (), (), (95,), (), (), (99,), (), (), (), (), (), (), (), (), (), (), (), ()]
3;12.9529998302;[(), (), (), (), (), (), (), (), (), (), (), (), (37,), (), (), (32,), (74,), (), (), ()]
0;14.6890001297;[(), (), (), (8,), (), (), (), (), (), (), (), (), (96,), (), (), (15,), (), (), (), ()]
1;16.135999918;[(8,), (), (), (), (), (), (), (), (29,), (), (), (), (78,), (), (), (), (), (), (), ()]
0;14.1940000057;[(), (), (), (), (), (), (), (80,), (), (), (), (), (73,), (), (), (), (), (), (), ()]
0;15.8010001183;[(25,), (), (), (), (70,), (), (), (), (), (), (), (), (), (), (), (), (), (), (), ()]
1;14.0119998455;[(), (), (), (), (), (), (), (), (), (7,), (), (), (23,), (), (), (), (), (), (), ()]
2;16.5670001507;[(41,), (), (), (), (7,), (), (15,), (), (), (), (23,), (24,), (), (), (), (), (), (), (), ()]
-4;15.5949997902;[(), (), (), (88,), (), (80,), (), (), (), (36,), (32,), (23,), (), (), (), (), (), (), (), ()]
6;16.9680001736;[(), (85,), (), (), (49,), (99,), (), (), (), (), (), (), (), (), (), (), (), (), (), ()]
-5;16.1929998398;[(), (1,), (), (), (64,), (66,), (), (), (), (), (76,), (), (), (90,), (), (), (59,), (32,), (), ()]
0;15.0040001869;[(), (), (), (), (), (3,), (32,), (), (), (), (), (), (), (), (78,), (), (), (), (), ()]
0;16.3619999886;[(), (), (78,), (), (), (), (), (), (12,), (23,), (), (), (74,), (32,), (), (15,), (), (), (), ()]
0;16.0820000172;[(7,), (), (), (), (95,), (), (), (), (), (), (), (), (), (), (), (), (), (), (), ()]
0;16.3929998875;[(1,), (), (99,), (), (), (), (), (), (4,), (), (49,), (), (), (), (), (), (), (), (), ()]
-2;15.2539999485;[(), (), (), (), (), (), (), (4,), (), (49,), (32,), (23,), (86,), (), (), (25,), (), (), (), ()]
-1;17.6620001793;[(8,), (), (), (), (), (), (78,), (), (), (59,), (74,), (32,), (23,), (), (), (), (), (), (), ()]
-1;15.2839999199;[(), (), (), (88,), (), (), (), (), (29,), (), (23,), (), (), (), (), (), (), (), (), ()]
-1;13.1549999714;[(), (), (), (), (), (), (), (), (), (), (), (), (), (), (93,), (), (), (), (), ()]
2;18.8289999962;[(66,), (), (), (23,), (32,), (), (), (), (15,), (), (), (), (), (88,), (), (), (), (), (), ()]
1;13.9130001068;[(), (), (), (), (), (), (), (), (), (), (53,), (), (), (74,), (86,), (66,), (), (), (), ()]
1;17.3439998627;[(25,), (), (), (32,), (74,), (24,), (), (), (), (), (), (), (), (), (), (), (), (), (), ()]
-3;15.3429999352;[(), (), (12,), (91,), (), (), (), (), (), (), (), (), (), (), (25,), (), (), (), (), ()]
-1;12.9660000801;[(), (), (), (), (), (), (), (), (), (), (), (), (), (), (37,), (), (23,), (34,), (), ()]
4;15.5510001183;[(), (), (70,), (), (), (), (), (93,), (), (), (), (), (), (), (), (), (), (), (), ()]
-6;18.4419999123;[(8,), (), (), (36,), (), (), (79,), (23,), (32,), (99,), (91,), (24,), (74,), (), (), (), (), (), (), ()]
-1;13.1979999542;[(), (), (), (), (), (), (), (), (), (), (), (), (11,), (), (), (), (), (), (), ()]
-2;13.7090001106;[(), (), (), (), (), (), (), (), (), (), (29,), (), (78,), (), (), (), (), (), (), ()]
0;17.4389998913;[(84,), (32,), (41,), (), (74,), (), (), (), (83,), (), (), (58,), (), (), (), (), (), (), (), ()]
-1;14.9620001316;[(), (), (), (), (), (70,), (), (), (), (), (88,), (), (), (), (), (), (), (), (), ()]
9;16.4599997997;[(8,), (), (), (), (), (), (17,), (), (99,), (23,), (74,), (49,), (), (), (), (), (76,), (32,), (), ()]
-3;15.353000164;[(), (), (), (), (), (), (96,), (), (32,), (59,), (), (88,), (), (), (90,), (), (), (), (), ()]
-3;16.5929999352;[(), (24,), (), (78,), (), (85,), (), (23,), (), (), (), (), (), (), (), (29,), (), (), (), ()]
5;14.5480000973;[(), (), (), (88,), (), (), (), (), (), (), (), (), (), (), (), (37,), (), (), (), ()]
1;14.5199999809;[(), (), (), (), (), (), (78,), (), (), (), (), (54,), (), (), (32,), (23,), (74,), (), (), ()]
4;15.7289998531;[(33,), (99,), (), (32,), (), (), (), (), (), (), (), (), (), (), (), (), (), (), (), ()]
6;16.111000061;[(41,), (), (23,), (), (), (), (), (), (), (), (96,), (), (), (), (), (), (), (), (), ()]
-3;16.4240000248;[(), (8,), (), (), (16,), (), (32,), (), (), (), (), (), (73,), (), (), (), (), (), (), ()]
0;15.7269999981;[(8,), (), (), (), (), (), (), (), (61,), (), (36,), (), (99,), (), (), (), (), (), (), ()]
-3;15.9900000095;[(), (53,), (23,), (), (), (), (), (), (), (), (), (29,), (), (), (), (), (), (), (), ()]
-1;14.9719998837;[(), (), (), (), (), (87,), (), (), (), (), (), (46,), (), (), (), (), (), (), (), ()]
-4;16.6130001545;[(), (), (11,), (59,), (99,), (32,), (24,), (), (), (), (), (), (), (), (), (), (), (), (), ()]
-2;15.4309999943;[(), (), (), (), (29,), (), (93,), (), (), (), (68,), (), (), (), (), (), (), (), (), ()]
-1;13.7100000381;[(), (), (), (), (), (), (), (), (), (20,), (), (), (), (), (), (), (), (), (), ()]
4;15.1319999695;[(), (), (87,), (36,), (), (), (), (74,), (), (), (), (), (), (), (), (), (), (), (), ()]
-7;15.6879999638;[(), (), (), (), (4,), (), (), (), (3,), (), (), (), (), (54,), (23,), (32,), (74,), (91,), (15,), ()]
-1;15.5130000114;[(), (19,), (), (), (), (), (), (67,), (), (), (), (37,), (), (), (74,), (99,), (), (), (), ()]
2;14.2170000076;[(), (), (), (), (), (88,), (), (), (), (), (), (), (), (), (), (), (), (), (), ()]
-3;14.618999958;[(), (), (), (), (), (), (12,), (59,), (49,), (), (), (), (), (), (), (), (), (), (), ()]
5;14.6089999676;[(), (), (), (), (), (), (24,), (), (34,), (), (), (), (), (), (), (80,), (), (), (), ()]
0;17.7070000172;[(83,), (), (99,), (23,), (32,), (), (), (), (), (), (), (), (), (), (), (), (), (), (), ()]
2;13.4149999619;[(), (), (), (), (), (), (), (), (), (88,), (), (), (), (87,), (), (), (23,), (32,), (), ()]
1;15.364000082;[(), (61,), (), (), (), (), (), (), (), (), (), (), (), (), (), (), (), (), (), ()]
4;14.2279999256;[(67,), (32,), (), (), (), (), (), (), (), (), (), (), (), (), (88,), (), (), (), (), ()]
-2;15.5829999447;[(), (80,), (), (), (), (88,), (), (), (), (), (78,), (), (), (), (), (), (), (), (), ()]
0;12.9610002041;[(), (), (), (), (), (), (), (), (), (), (), (), (), (), (), (), (), (), (), ()]
-3;16.0349998474;[(), (), (), (), (), (), (98,), (), (), (), (54,), (23,), (99,), (), (34,), (49,), (66,), (), (), ()]
1;15.263999939;[(), (), (29,), (), (), (), (), (88,), (), (15,), (32,), (), (), (), (), (98,), (), (), (), ()]
1;15.0320000648;[(), (), (), (), (), (), (43,), (), (), (29,), (), (), (), (), (), (), (), (), (), ()]
0;15.0320000648;[(), (), (22,), (), (), (), (), (), (), (), (), (), (87,), (), (), (), (), (), (), ()]
0;15.3269999027;[(), (), (), (), (), (), (70,), (), (), (69,), (), (), (49,), (), (), (), (), (), (), ()]
-2;14.6760001183;[(), (), (), (41,), (), (), (), (), (), (), (), (), (88,), (), (), (), (), (), (), ()]
-1;16.1729998589;[(58,), (), (32,), (), (), (), (), (), (), (), (), (), (), (), (), (), (), (), (), ()]
-1;15.236000061;[(), (95,), (), (), (), (), (), (), (), (88,), (), (), (), (), (), (), (), (), (), ()]
2;14.3140001297;[(), (), (), (), (), (), (), (), (88,), (), (23,), (99,), (), (), (), (), (), (), (), ()]
1;16.9219999313;[(), (), (27,), (99,), (23,), (), (), (), (), (), (49,), (32,), (), (), (), (), (), (), (), ()]
1;15.1779999733;[(), (), (), (), (), (29,), (), (), (), (), (19,), (), (), (), (), (), (), (), (), ()]
-3;15.5869998932;[(), (), (88,), (), (), (), (), (), (12,), (32,), (), (), (), (), (), (), (), (), (), ()]
-4;15.7260000706;[(7,), (), (), (), (), (96,), (), (), (), (), (), (20,), (), (), (), (12,), (), (), (), ()]
-1;16.8040001392;[(8,), (), (30,), (), (24,), (), (32,), (), (), (), (22,), (), (), (), (), (), (), (), (), ()]
0;18.4709999561;[(41,), (), (), (32,), (), (23,), (74,), (99,), (), (), (4,), (58,), (), (15,), (), (), (), (), (), ()]
-3;16.6670000553;[(), (), (), (), (), (99,), (), (32,), (24,), (23,), (), (3,), (), (74,), (88,), (), (61,), (), (), ()]
4;14.5739998817;[(25,), (), (), (), (), (22,), (), (), (), (), (), (), (), (80,), (), (74,), (), (), (), ()]
-6;16.7100000381;[(), (), (), (), (20,), (23,), (99,), (32,), (50,), (61,), (), (), (), (), (), (), (), (), (), ()]
-7;16.6240000725;[(), (), (67,), (24,), (), (95,), (32,), (99,), (23,), (34,), (), (), (8,), (), (71,), (7,), (), (), (), ()]
9;15.1489999294;[(), (17,), (), (), (), (), (), (24,), (), (), (), (), (), (), (), (), (), (), (), ()]
-1;16.8849999905;[(58,), (), (32,), (), (), (), (), (), (), (19,), (), (66,), (), (), (), (), (), (), (), ()]
-4;18.3629999161;[(), (), (), (4,), (), (74,), (), (32,), (23,), (49,), (15,), (), (), (), (), (37,), (), (), (), ()]
-3;18.1150000095;[(76,), (), (99,), (12,), (15,), (), (24,), (32,), (99,), (), (), (), (), (), (), (84,), (), (), (), ()]
4;15.5399999619;[(), (81,), (), (), (), (), (), (), (), (), (), (55,), (), (32,), (), (69,), (), (), (), ()]
-2;15.109000206;[(), (), (70,), (), (), (29,), (), (), (), (), (), (), (), (), (), (), (), (), (), ()]
9;14.0529999733;[(83,), (), (), (), (), (), (), (), (), (), (), (93,), (), (), (), (), (), (), (49,), ()]
-7;16.7860000134;[(), (29,), (), (23,), (24,), (), (), (), (), (55,), (), (91,), (7,), (99,), (49,), (15,), (), (41,), (36,), ()]
-1;16.0149998665;[(), (), (96,), (), (99,), (), (), (), (), (), (), (), (), (), (), (), (), (), (), ()]
0;17.9170000553;[(25,), (), (), (), (56,), (), (74,), (32,), (), (), (23,), (), (), (), (85,), (), (), (), (), ()]
-2;15.8999998569;[(67,), (), (), (), (16,), (), (), (), (), (), (), (), (), (19,), (), (), (), (), (), ()]
7;18.2250001431;[(), (74,), (99,), (), (50,), (), (15,), (49,), (), (), (32,), (), (41,), (), (), (83,), (), (), (), ()]
3;13.5639998913;[(), (), (), (), (), (), (), (), (88,), (), (), (), (), (), (), (), (), (), (), ()]
2;15.5580000877;[(7,), (), (), (), (), (), (), (), (25,), (), (), (), (), (), (), (), (), (), (), ()]
3;14.9300000668;[(), (), (), (), (), (), (), (22,), (), (), (74,), (32,), (), (), (23,), (), (), (), (), ()]
-2;15.9370000362;[(), (), (), (4,), (), (3,), (), (23,), (), (), (), (), (), (), (), (), (), (), (), ()]
-3;16.3099999428;[(), (), (87,), (), (), (), (), (), (), (36,), (), (23,), (), (15,), (), (99,), (59,), (74,), (), ()]
-1;15.1129999161;[(), (), (20,), (99,), (), (), (), (), (), (), (), (), (), (), (), (88,), (), (24,), (), ()]
-5;16.8710000515;[(), (), (), (), (), (), (46,), (86,), (99,), (74,), (), (32,), (23,), (24,), (), (), (), (), (), ()]
6;16.4179999828;[(), (62,), (49,), (86,), (), (), (99,), (), (29,), (), (), (), (), (), (), (), (1,), (), (), ()]
-3;14.8510000706;[(), (), (), (), (), (87,), (), (), (), (41,), (), (), (8,), (), (), (23,), (74,), (), (), ()]
-2;15.9629998207;[(), (), (), (), (66,), (), (32,), (15,), (), (), (), (), (), (), (), (), (), (), (), ()]
-1;17.106000185;[(7,), (), (), (75,), (20,), (), (), (), (), (), (37,), (), (), (), (), (), (), (), (), ()]
1;17.7229998112;[(66,), (), (), (), (), (99,), (23,), (32,), (24,), (15,), (), (), (), (), (), (8,), (), (), (), ()]
1;15.6780002117;[(42,), (), (), (), (), (), (78,), (), (), (), (), (), (), (), (), (), (), (), (), ()]
0;12.7979998589;[(), (), (), (), (), (), (), (), (), (), (), (), (), (), (), (), (), (), (), ()]
-5;16.8910000324;[(), (), (12,), (32,), (80,), (), (), (), (), (7,), (), (), (), (15,), (), (66,), (), (), (), ()]
-2;19.2969999313;[(41,), (), (74,), (23,), (), (99,), (), (), (), (2,), (), (), (), (), (), (55,), (), (), (), ()]
-3;15.4049999714;[(), (), (88,), (), (37,), (), (), (), (), (), (), (29,), (), (), (), (), (), (), (), ()]
-1;17.5789999962;[(25,), (), (), (17,), (23,), (), (99,), (), (), (), (), (), (88,), (), (), (), (), (), (), ()]
-5;17.6240000725;[(66,), (), (1,), (), (), (99,), (), (48,), (), (), (), (), (), (84,), (), (74,), (15,), (7,), (), ()]
-2;16.9769999981;[(), (), (), (), (), (78,), (), (74,), (23,), (), (), (99,), (49,), (41,), (), (), (), (), (), ()]
3;15.5529999733;[(66,), (), (), (), (), (), (), (58,), (), (), (), (), (), (), (), (), (), (), (), ()]
-3;15.3180000782;[(), (61,), (), (), (69,), (), (), (), (), (), (), (), (), (), (), (), (88,), (), (), ()]
-1;17.7829999924;[(58,), (), (23,), (), (), (70,), (), (), (16,), (), (32,), (), (99,), (), (), (), (), (), (), ()]
-1;15.4570000172;[(8,), (), (23,), (32,), (), (), (), (), (), (), (), (), (), (), (), (), (), (), (), ()]
1;16.8510000706;[(), (), (), (58,), (), (23,), (49,), (), (), (32,), (24,), (34,), (15,), (), (), (), (), (), (), ()]
-4;14.0709998608;[(), (), (), (), (), (), (), (), (), (74,), (15,), (), (), (81,), (), (), (79,), (23,), (32,), ()]
-2;17.5380001068;[(66,), (), (23,), (67,), (), (), (), (), (70,), (), (32,), (49,), (), (), (), (), (), (), (), ()]
0;17.6540000439;[(58,), (), (29,), (), (32,), (91,), (), (49,), (), (), (), (), (), (), (), (), (), (), (), ()]
-1;13.5389997959;[(), (), (), (), (), (), (), (), (), (), (87,), (), (), (), (), (), (), (), (), ()]
-3;16.236000061;[(41,), (), (78,), (), (53,), (), (), (), (), (), (), (), (), (), (), (), (), (), (), ()]
3;15.1900000572;[(), (), (), (88,), (), (), (), (4,), (23,), (), (), (49,), (), (), (), (), (), (), (), ()]
-9;18.0999999046;[(74,), (), (), (34,), (23,), (24,), (32,), (49,), (), (), (), (), (), (22,), (), (85,), (59,), (70,), (), ()]
-3;17.2569999695;[(8,), (), (99,), (), (), (), (33,), (23,), (), (), (37,), (), (), (), (95,), (), (), (), (), ()]
-2;15.0050001144;[(), (88,), (), (), (), (), (), (), (), (), (), (4,), (), (), (), (), (79,), (), (50,), ()]
2;15.4690001011;[(25,), (), (), (), (), (), (88,), (), (), (), (), (), (), (), (), (), (), (), (), ()]
