Reward;Time;Seed
8;0.000999927520752;(0, 1, 12, 25, 50)
16;0.000999927520752;(0, 1, 12, 25, 50)
8;0.000999927520752;(0, 1, 12, 25, 50)
5;0.0;(0, 1, 12, 25, 50)
8;0.00100016593933;(0, 1, 12, 25, 50)
6;0.000999927520752;(0, 1, 12, 25, 50)
6;0.000999927520752;(0, 1, 12, 25, 50)
9;0.00100016593933;(0, 1, 12, 25, 50)
10;0.000999927520752;(0, 1, 12, 25, 50)
7;0.000999927520752;(0, 1, 12, 25, 50)
17;0.00100016593933;(0, 1, 12, 25, 50)
7;0.0;(0, 1, 12, 25, 50)
3;0.000999927520752;(0, 1, 12, 25, 50)
11;0.000999927520752;(0, 1, 12, 25, 50)
14;0.000999927520752;(0, 1, 12, 25, 50)
9;0.00100016593933;(0, 1, 12, 25, 50)
10;0.0;(0, 1, 12, 25, 50)
7;0.000999927520752;(0, 1, 12, 25, 50)
14;0.000999927520752;(0, 1, 12, 25, 50)
4;0.00100016593933;(0, 1, 12, 25, 50)
7;0.000999927520752;(0, 1, 12, 25, 50)
7;0.000999927520752;(0, 1, 12, 25, 50)
8;0.00100016593933;(0, 1, 12, 25, 50)
11;0.000999927520752;(0, 1, 12, 25, 50)
2;0.000999927520752;(0, 1, 12, 25, 50)
11;0.00100016593933;(0, 1, 12, 25, 50)
9;0.000999927520752;(0, 1, 12, 25, 50)
12;0.000999927520752;(0, 1, 12, 25, 50)
-2;0.0;(0, 1, 12, 25, 50)
11;0.000999927520752;(0, 1, 12, 25, 50)
12;0.00100016593933;(0, 1, 12, 25, 50)
13;0.000999927520752;(0, 1, 12, 25, 50)
8;0.000999927520752;(0, 1, 12, 25, 50)
11;0.00100016593933;(0, 1, 12, 25, 50)
14;0.000999927520752;(0, 1, 12, 25, 50)
5;0.000999927520752;(0, 1, 12, 25, 50)
4;0.00100016593933;(0, 1, 12, 25, 50)
6;0.0;(0, 1, 12, 25, 50)
19;0.000999927520752;(0, 1, 12, 25, 50)
11;0.000999927520752;(0, 1, 12, 25, 50)
11;0.000999927520752;(0, 1, 12, 25, 50)
13;0.00100016593933;(0, 1, 12, 25, 50)
6;0.000999927520752;(0, 1, 12, 25, 50)
6;0.000999927520752;(0, 1, 12, 25, 50)
11;0.0;(0, 1, 12, 25, 50)
8;0.00100016593933;(0, 1, 12, 25, 50)
4;0.000999927520752;(0, 1, 12, 25, 50)
3;0.000999927520752;(0, 1, 12, 25, 50)
10;0.00100016593933;(0, 1, 12, 25, 50)
9;0.0;(0, 1, 12, 25, 50)
2;0.000999927520752;(0, 1, 12, 25, 50)
8;0.000999927520752;(0, 1, 12, 25, 50)
11;0.00100016593933;(0, 1, 12, 25, 50)
6;0.000999927520752;(0, 1, 12, 25, 50)
10;0.0;(0, 1, 12, 25, 50)
0;0.000999927520752;(0, 1, 12, 25, 50)
8;0.000999927520752;(0, 1, 12, 25, 50)
15;0.00100016593933;(0, 1, 12, 25, 50)
3;0.000999927520752;(0, 1, 12, 25, 50)
5;0.000999927520752;(0, 1, 12, 25, 50)
11;0.00100016593933;(0, 1, 12, 25, 50)
8;0.0;(0, 1, 12, 25, 50)
8;0.000999927520752;(0, 1, 12, 25, 50)
14;0.000999927520752;(0, 1, 12, 25, 50)
2;0.00100016593933;(0, 1, 12, 25, 50)
7;0.000999927520752;(0, 1, 12, 25, 50)
15;0.000999927520752;(0, 1, 12, 25, 50)
14;0.0;(0, 1, 12, 25, 50)
11;0.000999927520752;(0, 1, 12, 25, 50)
6;0.00100016593933;(0, 1, 12, 25, 50)
8;0.000999927520752;(0, 1, 12, 25, 50)
12;0.000999927520752;(0, 1, 12, 25, 50)
10;0.00100016593933;(0, 1, 12, 25, 50)
18;0.000999927520752;(0, 1, 12, 25, 50)
7;0.0;(0, 1, 12, 25, 50)
14;0.000999927520752;(0, 1, 12, 25, 50)
12;0.00100016593933;(0, 1, 12, 25, 50)
11;0.000999927520752;(0, 1, 12, 25, 50)
2;0.000999927520752;(0, 1, 12, 25, 50)
10;0.000999927520752;(0, 1, 12, 25, 50)
7;0.00100016593933;(0, 1, 12, 25, 50)
3;0.0;(0, 1, 12, 25, 50)
0;0.000999927520752;(0, 1, 12, 25, 50)
15;0.000999927520752;(0, 1, 12, 25, 50)
2;0.00100016593933;(0, 1, 12, 25, 50)
11;0.000999927520752;(0, 1, 12, 25, 50)
15;0.0;(0, 1, 12, 25, 50)
3;0.000999927520752;(0, 1, 12, 25, 50)
2;0.00100016593933;(0, 1, 12, 25, 50)
13;0.000999927520752;(0, 1, 12, 25, 50)
2;0.0;(0, 1, 12, 25, 50)
14;0.000999927520752;(0, 1, 12, 25, 50)
4;0.00100016593933;(0, 1, 12, 25, 50)
10;0.000999927520752;(0, 1, 12, 25, 50)
10;0.000999927520752;(0, 1, 12, 25, 50)
13;0.000999927520752;(0, 1, 12, 25, 50)
7;0.00100016593933;(0, 1, 12, 25, 50)
8;0.000999927520752;(0, 1, 12, 25, 50)
9;0.000999927520752;(0, 1, 12, 25, 50)
10;0.0;(0, 1, 12, 25, 50)
9;0.00100016593933;(0, 1, 12, 25, 50)
11;0.000999927520752;(0, 1, 12, 25, 50)
1;0.000999927520752;(0, 1, 12, 25, 50)
3;0.00100016593933;(0, 1, 12, 25, 50)
18;0.000999927520752;(0, 1, 12, 25, 50)
3;0.0;(0, 1, 12, 25, 50)
12;0.000999927520752;(0, 1, 12, 25, 50)
6;0.000999927520752;(0, 1, 12, 25, 50)
10;0.00100016593933;(0, 1, 12, 25, 50)
9;0.000999927520752;(0, 1, 12, 25, 50)
7;0.000999927520752;(0, 1, 12, 25, 50)
4;0.00100016593933;(0, 1, 12, 25, 50)
4;0.0;(0, 1, 12, 25, 50)
8;0.000999927520752;(0, 1, 12, 25, 50)
2;0.000999927520752;(0, 1, 12, 25, 50)
15;0.00100016593933;(0, 1, 12, 25, 50)
13;0.0;(0, 1, 12, 25, 50)
4;0.000999927520752;(0, 1, 12, 25, 50)
1;0.000999927520752;(0, 1, 12, 25, 50)
10;0.00100016593933;(0, 1, 12, 25, 50)
-1;0.0;(0, 1, 12, 25, 50)
12;0.000999927520752;(0, 1, 12, 25, 50)
14;0.000999927520752;(0, 1, 12, 25, 50)
1;0.000999927520752;(0, 1, 12, 25, 50)
8;0.00100016593933;(0, 1, 12, 25, 50)
12;0.000999927520752;(0, 1, 12, 25, 50)
8;0.0;(0, 1, 12, 25, 50)
8;0.000999927520752;(0, 1, 12, 25, 50)
4;0.00100016593933;(0, 1, 12, 25, 50)
15;0.000999927520752;(0, 1, 12, 25, 50)
13;0.000999927520752;(0, 1, 12, 25, 50)
7;0.00100016593933;(0, 1, 12, 25, 50)
11;0.000999927520752;(0, 1, 12, 25, 50)
8;0.000999927520752;(0, 1, 12, 25, 50)
5;0.0;(0, 1, 12, 25, 50)
7;0.000999927520752;(0, 1, 12, 25, 50)
7;0.00100016593933;(0, 1, 12, 25, 50)
1;0.000999927520752;(0, 1, 12, 25, 50)
1;0.000999927520752;(0, 1, 12, 25, 50)
3;0.0;(0, 1, 12, 25, 50)
8;0.00100016593933;(0, 1, 12, 25, 50)
10;0.000999927520752;(0, 1, 12, 25, 50)
11;0.000999927520752;(0, 1, 12, 25, 50)
9;0.00100016593933;(0, 1, 12, 25, 50)
5;0.0;(0, 1, 12, 25, 50)
3;0.000999927520752;(0, 1, 12, 25, 50)
8;0.000999927520752;(0, 1, 12, 25, 50)
12;0.00100016593933;(0, 1, 12, 25, 50)
12;0.000999927520752;(0, 1, 12, 25, 50)
9;0.000999927520752;(0, 1, 12, 25, 50)
11;0.000999927520752;(0, 1, 12, 25, 50)
7;0.0;(0, 1, 12, 25, 50)
12;0.00100016593933;(0, 1, 12, 25, 50)
3;0.000999927520752;(0, 1, 12, 25, 50)
6;0.000999927520752;(0, 1, 12, 25, 50)
10;0.00100016593933;(0, 1, 12, 25, 50)
8;0.0;(0, 1, 12, 25, 50)
3;0.000999927520752;(0, 1, 12, 25, 50)
2;0.000999927520752;(0, 1, 12, 25, 50)
6;0.00100016593933;(0, 1, 12, 25, 50)
6;0.000999927520752;(0, 1, 12, 25, 50)
10;0.0;(0, 1, 12, 25, 50)
5;0.000999927520752;(0, 1, 12, 25, 50)
9;0.000999927520752;(0, 1, 12, 25, 50)
9;0.00100016593933;(0, 1, 12, 25, 50)
10;0.000999927520752;(0, 1, 12, 25, 50)
7;0.000999927520752;(0, 1, 12, 25, 50)
4;0.00100016593933;(0, 1, 12, 25, 50)
10;0.000999927520752;(0, 1, 12, 25, 50)
14;0.000999927520752;(0, 1, 12, 25, 50)
9;0.00100016593933;(0, 1, 12, 25, 50)
7;0.0;(0, 1, 12, 25, 50)
5;0.000999927520752;(0, 1, 12, 25, 50)
7;0.000999927520752;(0, 1, 12, 25, 50)
12;0.00100016593933;(0, 1, 12, 25, 50)
10;0.000999927520752;(0, 1, 12, 25, 50)
2;0.000999927520752;(0, 1, 12, 25, 50)
13;0.000999927520752;(0, 1, 12, 25, 50)
17;0.00100016593933;(0, 1, 12, 25, 50)
5;0.000999927520752;(0, 1, 12, 25, 50)
12;0.000999927520752;(0, 1, 12, 25, 50)
5;0.0;(0, 1, 12, 25, 50)
7;0.00100016593933;(0, 1, 12, 25, 50)
9;0.000999927520752;(0, 1, 12, 25, 50)
7;0.000999927520752;(0, 1, 12, 25, 50)
8;0.00100016593933;(0, 1, 12, 25, 50)
6;0.000999927520752;(0, 1, 12, 25, 50)
12;0.000999927520752;(0, 1, 12, 25, 50)
6;0.000999927520752;(0, 1, 12, 25, 50)
15;0.00100016593933;(0, 1, 12, 25, 50)
9;0.000999927520752;(0, 1, 12, 25, 50)
2;0.0;(0, 1, 12, 25, 50)
18;0.000999927520752;(0, 1, 12, 25, 50)
10;0.00100016593933;(0, 1, 12, 25, 50)
13;0.000999927520752;(0, 1, 12, 25, 50)
10;0.000999927520752;(0, 1, 12, 25, 50)
9;0.00100016593933;(0, 1, 12, 25, 50)
11;0.0;(0, 1, 12, 25, 50)
15;0.000999927520752;(0, 1, 12, 25, 50)
9;0.000999927520752;(0, 1, 12, 25, 50)
