Reward;Time;Seed
5;10.4260001183;[(), (22,), (), (40,), (), (), (), (29,), (), (), (), (85,), (), (), (66,), (), (8,), (61,), (), ()]
8;10.5789999962;[(22,), (), (66,), (), (), (8,), (), (), (), (40,), (), (85,), (), (88,), (), (), (), (), (90,), ()]
7;10.5959999561;[(8,), (), (), (22,), (), (), (85,), (), (40,), (), (), (88,), (), (66,), (), (), (), (), (65,), ()]
-3;10.7820000648;[(), (22,), (), (66,), (), (29,), (), (40,), (), (), (85,), (), (), (8,), (), (88,), (), (), (61,), ()]
7;10.5119998455;[(40,), (), (), (), (), (22,), (), (8,), (), (), (), (85,), (66,), (), (88,), (), (65,), (), (90,), ()]
10;10.2880001068;[(), (22,), (), (40,), (), (), (), (), (8,), (29,), (), (), (), (66,), (), (88,), (), (41,), (), ()]
2;10.4990000725;[(), (22,), (), (66,), (), (), (29,), (), (), (), (85,), (), (), (40,), (), (8,), (), (88,), (), ()]
-3;10.5879998207;[(), (22,), (), (66,), (), (), (), (8,), (), (), (40,), (85,), (88,), (29,), (), (41,), (65,), (), (), ()]
0;10.6040000916;[(), (88,), (), (), (22,), (), (66,), (), (29,), (), (), (85,), (), (40,), (), (8,), (), (65,), (), ()]
2;10.3759999275;[(8,), (), (22,), (), (), (), (40,), (), (85,), (), (), (41,), (), (29,), (), (65,), (), (61,), (), ()]
0;10.6440000534;[(22,), (), (88,), (), (), (29,), (), (40,), (), (85,), (), (66,), (8,), (), (41,), (), (), (), (65,), ()]
2;10.7509999275;[(8,), (), (22,), (), (40,), (), (29,), (), (), (85,), (), (66,), (), (), (88,), (), (), (61,), (), ()]
3;10.1879999638;[(), (22,), (40,), (), (), (29,), (), (66,), (), (88,), (), (41,), (), (), (85,), (61,), (65,), (), (), ()]
-2;10.6780002117;[(), (22,), (), (40,), (), (29,), (), (), (66,), (), (85,), (), (), (8,), (88,), (), (61,), (), (), ()]
6;9.80599999428;[(), (88,), (22,), (), (), (), (), (85,), (), (66,), (), (), (40,), (), (61,), (), (8,), (), (90,), ()]
6;10.7679998875;[(88,), (), (), (), (40,), (), (8,), (), (), (22,), (), (), (), (85,), (), (), (29,), (), (66,), ()]
-2;10.7630000114;[(66,), (), (40,), (), (), (88,), (), (), (8,), (), (85,), (22,), (), (), (29,), (), (), (), (65,), ()]
-3;10.7479999065;[(40,), (), (22,), (), (), (66,), (), (41,), (), (88,), (85,), (), (), (29,), (), (), (57,), (65,), (), ()]
1;10.1019999981;[(), (22,), (40,), (), (), (29,), (), (85,), (), (), (8,), (), (41,), (), (61,), (), (57,), (), (), ()]
4;10.5580000877;[(), (8,), (), (66,), (), (), (), (22,), (), (41,), (), (88,), (), (), (85,), (), (29,), (40,), (), ()]
4;10.6119999886;[(), (22,), (), (), (), (), (40,), (), (), (66,), (), (), (), (88,), (), (), (85,), (), (29,), ()]
8;10.8659999371;[(40,), (), (22,), (), (29,), (), (66,), (), (), (), (), (), (), (85,), (), (8,), (), (), (61,), ()]
5;10.4790000916;[(66,), (), (), (), (), (8,), (), (88,), (), (85,), (), (), (22,), (), (), (), (29,), (), (), ()]
-1;10.3320000172;[(), (22,), (), (), (40,), (), (29,), (), (), (), (), (66,), (), (85,), (8,), (), (88,), (61,), (), ()]
7;10.1789999008;[(), (22,), (), (), (29,), (), (), (), (), (88,), (), (), (), (8,), (), (40,), (), (65,), (), ()]
11;10.603000164;[(66,), (), (40,), (), (), (), (), (88,), (), (), (8,), (), (85,), (), (), (41,), (22,), (), (), ()]
15;10.140999794;[(), (22,), (), (), (), (), (40,), (), (), (), (85,), (), (), (88,), (), (29,), (61,), (), (), ()]
-1;10.7599999905;[(), (22,), (), (66,), (), (29,), (), (88,), (), (), (), (), (40,), (), (8,), (), (61,), (), (41,), ()]
8;10.7680001259;[(88,), (), (), (40,), (), (), (), (8,), (), (), (22,), (), (), (85,), (), (), (), (), (), ()]
-3;11.1619999409;[(22,), (), (40,), (), (29,), (), (66,), (), (), (85,), (), (), (8,), (), (), (88,), (), (61,), (), ()]
1;10.6000001431;[(40,), (), (), (22,), (), (29,), (), (66,), (), (85,), (8,), (), (), (61,), (), (), (65,), (), (), ()]
4;11.0709998608;[(), (22,), (66,), (), (), (29,), (), (), (40,), (), (), (85,), (), (), (8,), (), (), (88,), (), ()]
-3;10.7179999352;[(22,), (), (40,), (29,), (), (66,), (), (85,), (), (8,), (), (), (), (), (61,), (41,), (), (), (90,), ()]
3;10.481000185;[(), (22,), (), (), (40,), (), (), (29,), (), (), (66,), (), (8,), (), (88,), (61,), (), (), (41,), ()]
0;10.5360000134;[(40,), (), (22,), (29,), (), (66,), (), (88,), (), (), (), (), (85,), (), (61,), (), (), (), (65,), ()]
0;10.8339998722;[(88,), (), (), (40,), (), (8,), (), (), (), (22,), (29,), (), (), (61,), (), (), (65,), (), (), ()]
5;10.2990000248;[(22,), (), (), (29,), (), (), (), (8,), (85,), (), (40,), (88,), (), (), (), (), (90,), (1,), (), ()]
2;10.9779999256;[(8,), (), (), (22,), (), (40,), (), (29,), (), (), (), (88,), (), (85,), (), (66,), (), (), (), ()]
-1;10.7400000095;[(8,), (), (), (66,), (), (), (40,), (), (), (88,), (), (22,), (), (29,), (), (85,), (), (61,), (), ()]
9;10.6549999714;[(22,), (), (40,), (), (), (), (29,), (), (), (), (66,), (), (), (8,), (), (), (), (), (61,), ()]
4;10.2840001583;[(), (22,), (40,), (), (), (), (), (29,), (), (), (85,), (), (8,), (), (88,), (), (41,), (), (), ()]
5;10.2539999485;[(), (22,), (), (), (8,), (), (), (40,), (), (29,), (), (), (88,), (), (85,), (), (), (65,), (), ()]
2;11.0160000324;[(22,), (), (), (66,), (), (8,), (), (), (40,), (), (85,), (), (), (), (29,), (), (88,), (), (), ()]
7;10.251999855;[(), (22,), (), (66,), (), (), (), (), (29,), (), (85,), (), (8,), (), (88,), (), (), (65,), (), ()]
-4;10.5090000629;[(), (22,), (), (66,), (), (8,), (), (), (40,), (), (85,), (), (), (88,), (), (), (29,), (), (61,), ()]
8;10.3010001183;[(), (22,), (), (40,), (29,), (), (), (), (66,), (), (), (), (8,), (88,), (), (), (), (41,), (), ()]
1;10.3940000534;[(40,), (), (), (22,), (8,), (), (29,), (85,), (), (66,), (), (41,), (), (61,), (), (88,), (), (), (), ()]
6;10.9339997768;[(22,), (), (), (), (), (), (40,), (), (29,), (), (66,), (), (88,), (), (8,), (85,), (), (), (), ()]
-1;10.8270001411;[(88,), (), (), (22,), (), (66,), (), (29,), (), (85,), (), (40,), (), (), (), (41,), (), (57,), (), ()]
-3;10.7100000381;[(), (22,), (), (66,), (), (29,), (), (40,), (), (), (), (85,), (), (), (8,), (), (88,), (), (61,), ()]
7;9.95299983025;[(), (22,), (), (40,), (), (), (), (), (29,), (), (66,), (8,), (), (), (88,), (), (61,), (), (), ()]
0;10.6670000553;[(88,), (), (8,), (), (22,), (), (), (), (85,), (), (), (40,), (), (57,), (), (), (), (29,), (), ()]
2;10.2590000629;[(), (88,), (), (40,), (), (), (8,), (), (), (22,), (), (), (), (85,), (), (), (29,), (), (61,), ()]
9;10.8489999771;[(22,), (), (), (), (29,), (), (40,), (), (85,), (), (), (), (), (8,), (), (), (61,), (), (), ()]
-2;10.9070000648;[(66,), (), (40,), (), (), (88,), (), (8,), (), (85,), (), (), (22,), (), (), (29,), (), (), (61,), ()]
-3;10.757999897;[(), (8,), (), (), (22,), (), (40,), (), (29,), (), (85,), (), (66,), (), (88,), (), (), (41,), (), ()]
1;10.5720000267;[(), (22,), (), (), (40,), (), (), (41,), (29,), (), (), (8,), (), (), (88,), (), (66,), (), (65,), ()]
1;10.7820000648;[(22,), (), (66,), (), (), (), (29,), (), (40,), (), (85,), (), (8,), (), (), (61,), (65,), (), (), ()]
11;10.3339998722;[(22,), (), (40,), (), (), (29,), (), (), (), (), (), (), (), (85,), (), (41,), (), (8,), (), ()]
0;10.3180000782;[(), (22,), (), (40,), (29,), (), (), (8,), (), (), (66,), (), (88,), (), (61,), (), (41,), (), (65,), ()]
-4;10.8819999695;[(), (22,), (), (), (40,), (), (29,), (), (), (66,), (85,), (), (41,), (), (), (8,), (), (), (61,), ()]
7;10.7239999771;[(22,), (), (40,), (), (), (), (66,), (), (29,), (), (85,), (), (), (8,), (), (), (), (), (), ()]
0;10.4650001526;[(), (22,), (), (40,), (), (), (29,), (66,), (), (), (), (85,), (), (), (8,), (), (88,), (), (), ()]
-3;10.6179997921;[(), (22,), (), (29,), (), (40,), (), (66,), (), (), (85,), (), (8,), (88,), (), (), (90,), (), (1,), ()]
3;10.8180000782;[(22,), (), (40,), (), (), (), (), (29,), (), (8,), (), (41,), (61,), (), (), (88,), (), (), (), ()]
4;10.5970001221;[(), (88,), (), (22,), (), (66,), (), (), (29,), (), (), (85,), (), (), (), (8,), (), (61,), (), ()]
-1;10.3169999123;[(8,), (), (22,), (), (66,), (), (40,), (85,), (), (88,), (), (), (), (), (29,), (7,), (), (), (), ()]
0;11.0009999275;[(40,), (), (8,), (), (88,), (), (), (), (29,), (), (), (), (22,), (), (85,), (), (66,), (61,), (), ()]
4;10.4340000153;[(), (22,), (), (), (29,), (), (), (), (40,), (), (), (85,), (), (8,), (), (88,), (), (), (), ()]
5;10.1380000114;[(), (22,), (), (40,), (29,), (), (), (), (8,), (), (), (66,), (), (), (), (41,), (), (), (61,), ()]
8;10.256000042;[(8,), (), (), (), (), (40,), (), (85,), (), (), (), (22,), (), (29,), (), (65,), (90,), (), (), ()]
3;10.3190000057;[(), (22,), (), (40,), (), (8,), (), (), (29,), (), (88,), (), (85,), (66,), (), (), (61,), (), (41,), ()]
4;10.9219999313;[(22,), (), (), (), (), (40,), (), (8,), (), (29,), (), (), (88,), (), (), (), (66,), (), (85,), ()]
7;10.5499999523;[(22,), (), (), (), (40,), (), (66,), (), (85,), (), (29,), (), (), (8,), (), (), (), (61,), (), ()]
12;10.0320000648;[(), (8,), (66,), (), (), (40,), (), (), (), (), (88,), (), (), (), (85,), (), (), (22,), (), ()]
-3;10.6670000553;[(40,), (), (8,), (), (88,), (), (22,), (), (), (85,), (), (29,), (), (), (), (41,), (), (), (65,), ()]
6;10.4979999065;[(), (22,), (), (), (), (66,), (), (29,), (), (), (), (8,), (), (), (), (85,), (), (), (40,), ()]
2;10.3059999943;[(40,), (22,), (), (), (66,), (88,), (), (85,), (), (29,), (8,), (), (), (), (65,), (), (90,), (), (), ()]
6;10.4560000896;[(40,), (), (), (22,), (), (), (29,), (), (), (66,), (8,), (), (41,), (), (61,), (), (88,), (), (), ()]
-1;10.6470000744;[(22,), (), (), (40,), (29,), (), (66,), (), (8,), (), (85,), (), (41,), (), (61,), (), (65,), (), (), ()]
6;10.6859998703;[(88,), (), (), (), (40,), (), (), (), (8,), (), (22,), (), (85,), (), (41,), (), (), (66,), (), ()]
10;10.7380001545;[(8,), (), (), (22,), (), (), (40,), (), (), (29,), (), (85,), (), (66,), (), (), (88,), (), (), ()]
-2;10.4879999161;[(), (22,), (), (), (40,), (), (29,), (), (66,), (), (85,), (), (), (41,), (), (8,), (), (61,), (), ()]
-1;10.6819999218;[(8,), (), (), (), (22,), (), (40,), (), (29,), (), (88,), (), (66,), (), (85,), (41,), (), (), (65,), ()]
2;10.0970001221;[(), (22,), (), (), (40,), (), (29,), (), (), (66,), (), (8,), (), (85,), (), (41,), (), (), (65,), ()]
0;10.9529998302;[(22,), (), (40,), (), (), (29,), (), (8,), (), (85,), (), (66,), (), (), (88,), (), (61,), (), (), ()]
17;10.236000061;[(8,), (), (), (22,), (), (), (), (40,), (), (), (), (88,), (), (), (29,), (), (), (), (), ()]
5;10.4019999504;[(40,), (), (22,), (), (29,), (), (), (66,), (), (), (), (), (85,), (8,), (), (88,), (), (), (61,), ()]
-4;10.9470000267;[(40,), (), (22,), (), (8,), (), (), (29,), (), (85,), (), (), (66,), (), (), (41,), (65,), (), (90,), ()]
9;10.0900001526;[(), (22,), (), (), (), (), (40,), (), (66,), (), (88,), (), (85,), (), (29,), (8,), (), (), (65,), ()]
0;10.8450000286;[(22,), (), (40,), (), (), (29,), (), (66,), (), (), (85,), (), (8,), (), (), (88,), (), (), (61,), ()]
13;9.35499978065;[(88,), (40,), (), (), (), (), (), (85,), (), (61,), (29,), (), (90,), (22,), (55,), (), (66,), (), (93,), ()]
11;10.5210001469;[(88,), (), (40,), (), (), (8,), (), (22,), (), (85,), (), (), (), (), (29,), (), (), (), (), ()]
12;10.2260000706;[(22,), (), (), (40,), (), (88,), (), (), (), (), (), (66,), (), (8,), (), (65,), (), (61,), (), ()]
8;10.2669999599;[(22,), (40,), (), (), (), (), (41,), (), (66,), (), (88,), (), (), (29,), (), (), (), (61,), (), ()]
3;10.518999815;[(), (88,), (), (40,), (), (), (), (8,), (), (22,), (), (29,), (), (), (66,), (), (), (), (41,), ()]
11;10.0160000324;[(), (22,), (), (), (), (40,), (), (), (), (66,), (), (), (88,), (), (85,), (), (29,), (), (), ()]
-1;10.8140001297;[(88,), (), (40,), (), (), (), (8,), (), (22,), (), (), (), (85,), (), (), (29,), (), (), (66,), ()]
-6;10.4219999313;[(), (22,), (), (66,), (), (29,), (40,), (), (), (85,), (41,), (), (61,), (), (), (65,), (), (8,), (), ()]
6;10.2669999599;[(), (22,), (), (), (40,), (), (), (8,), (), (), (29,), (), (), (88,), (85,), (), (66,), (), (), ()]
-6;10.6840000153;[(), (22,), (), (), (40,), (), (), (29,), (), (66,), (85,), (), (8,), (), (88,), (), (), (41,), (65,), ()]
-8;10.6380000114;[(), (22,), (), (40,), (), (29,), (), (66,), (), (85,), (), (), (8,), (), (88,), (), (41,), (), (65,), ()]
5;10.5320000648;[(), (22,), (), (), (40,), (), (), (), (29,), (), (88,), (), (85,), (), (8,), (61,), (), (), (), ()]
-5;10.9100000858;[(22,), (), (40,), (), (29,), (), (8,), (85,), (), (41,), (), (88,), (), (), (66,), (), (), (65,), (), ()]
-1;11.1279997826;[(40,), (), (), (22,), (), (29,), (), (66,), (), (85,), (), (8,), (), (88,), (), (), (61,), (41,), (), ()]
6;10.5260000229;[(8,), (), (66,), (), (), (22,), (40,), (), (88,), (), (85,), (), (29,), (), (), (), (61,), (), (), ()]
-1;10.9910001755;[(), (22,), (), (40,), (), (29,), (), (66,), (), (), (85,), (), (8,), (), (88,), (), (61,), (), (), ()]
6;10.7989997864;[(88,), (), (), (40,), (), (8,), (), (), (22,), (), (), (), (), (), (), (), (85,), (), (66,), ()]
2;10.2190001011;[(22,), (40,), (), (), (), (29,), (), (66,), (), (), (), (85,), (41,), (8,), (), (61,), (88,), (), (), ()]
2;11.0989999771;[(40,), (), (), (8,), (), (), (22,), (), (41,), (), (66,), (), (), (29,), (), (), (), (), (65,), ()]
5;11.3500001431;[(88,), (), (40,), (), (8,), (), (), (), (22,), (), (), (85,), (), (29,), (), (), (), (66,), (), ()]
9;10.6989998817;[(22,), (), (40,), (), (), (), (29,), (), (), (), (66,), (), (8,), (), (88,), (), (), (61,), (), ()]
8;10.9570000172;[(88,), (), (), (66,), (), (22,), (), (85,), (), (), (29,), (), (), (), (8,), (), (), (), (), ()]
8;10.8789999485;[(), (22,), (), (), (), (66,), (29,), (), (), (), (85,), (), (40,), (), (8,), (), (), (), (), ()]
1;11.1519999504;[(40,), (), (22,), (29,), (), (41,), (85,), (), (), (8,), (), (88,), (), (), (), (66,), (), (), (65,), ()]
-2;10.7670001984;[(), (22,), (), (66,), (), (), (8,), (), (40,), (), (), (85,), (), (88,), (), (29,), (), (61,), (), ()]
5;10.5519998074;[(88,), (), (), (40,), (), (), (), (8,), (), (22,), (85,), (), (29,), (), (), (), (66,), (), (), ()]
-4;10.6100001335;[(40,), (), (), (22,), (), (29,), (), (66,), (), (), (8,), (), (), (61,), (), (41,), (), (65,), (), ()]
2;10.4559998512;[(), (22,), (), (), (), (40,), (), (), (66,), (), (8,), (), (85,), (), (), (88,), (), (), (29,), ()]
1;10.5600001812;[(), (88,), (), (40,), (), (), (8,), (), (29,), (85,), (), (), (22,), (), (), (66,), (), (61,), (), ()]
11;10.6840000153;[(), (22,), (), (), (66,), (), (8,), (), (), (), (40,), (), (), (), (85,), (), (), (29,), (), ()]
6;10.3569998741;[(), (88,), (), (), (), (), (40,), (), (), (22,), (), (29,), (), (), (66,), (), (), (85,), (), ()]
0;10.995000124;[(22,), (), (40,), (), (), (8,), (), (29,), (), (85,), (), (41,), (), (88,), (), (66,), (), (65,), (), ()]
21;10.140999794;[(22,), (40,), (), (), (), (), (), (29,), (), (66,), (), (), (), (85,), (), (), (), (), (), ()]
3;10.7780001163;[(), (22,), (), (40,), (), (29,), (), (66,), (), (), (88,), (), (), (85,), (), (), (), (), (), ()]
6;10.631000042;[(), (22,), (), (), (), (40,), (), (66,), (), (), (29,), (), (), (), (), (8,), (), (), (61,), ()]
2;10.4019999504;[(22,), (), (), (40,), (29,), (), (), (), (8,), (), (66,), (), (88,), (), (61,), (), (41,), (), (90,), ()]
5;10.7379999161;[(), (88,), (), (40,), (), (), (), (8,), (), (), (), (85,), (), (), (), (), (22,), (61,), (), ()]
-3;10.8090000153;[(), (22,), (), (40,), (), (29,), (), (), (66,), (), (8,), (), (), (), (61,), (), (), (), (41,), ()]
12;10.8240001202;[(), (22,), (), (), (), (29,), (), (), (), (), (), (40,), (), (), (), (), (41,), (), (), ()]
3;10.5439999104;[(), (22,), (), (66,), (), (), (), (29,), (), (40,), (), (85,), (), (8,), (), (41,), (), (), (), ()]
13;10.7780001163;[(), (22,), (), (40,), (), (), (), (), (29,), (66,), (), (), (), (8,), (), (41,), (), (), (), ()]
3;11.0679998398;[(88,), (), (), (40,), (), (), (8,), (), (22,), (), (85,), (), (29,), (), (), (66,), (), (), (), ()]
20;10.5770001411;[(22,), (), (40,), (29,), (), (), (), (), (), (8,), (), (85,), (), (41,), (), (), (88,), (), (), ()]
2;11.0899999142;[(), (22,), (), (), (), (40,), (), (8,), (), (41,), (), (), (88,), (), (), (85,), (), (), (66,), ()]
11;10.7820000648;[(40,), (), (), (), (22,), (), (29,), (), (41,), (), (), (), (), (8,), (), (88,), (), (), (), ()]
1;10.7049999237;[(40,), (), (), (), (8,), (88,), (), (), (29,), (22,), (), (66,), (), (61,), (), (85,), (), (), (90,), ()]
16;9.87000012398;[(), (22,), (), (40,), (), (), (), (), (), (29,), (), (66,), (), (8,), (), (), (), (90,), (), ()]
4;10.6569998264;[(), (22,), (), (40,), (), (), (29,), (), (), (8,), (), (85,), (), (66,), (), (), (), (), (61,), ()]
-3;11.0940001011;[(), (22,), (), (40,), (), (), (), (8,), (), (29,), (85,), (), (), (66,), (), (88,), (), (61,), (), ()]
-1;10.9319999218;[(), (22,), (), (40,), (), (29,), (), (41,), (), (), (85,), (), (), (), (8,), (), (), (), (88,), ()]
12;9.97200012207;[(), (22,), (), (), (), (), (40,), (), (), (), (41,), (), (88,), (), (85,), (), (66,), (), (), ()]
6;10.4029998779;[(), (22,), (), (40,), (8,), (), (), (), (), (29,), (), (), (85,), (), (), (88,), (), (66,), (), ()]
-6;11.3420000076;[(88,), (), (40,), (), (8,), (), (22,), (), (85,), (), (), (41,), (), (57,), (), (66,), (), (), (29,), ()]
6;11.0199999809;[(22,), (), (40,), (), (29,), (), (), (66,), (), (), (), (88,), (), (), (), (85,), (), (), (), ()]
2;10.8819999695;[(), (22,), (), (40,), (), (), (8,), (), (), (29,), (), (), (85,), (), (66,), (), (88,), (61,), (), ()]
8;10.9610002041;[(88,), (), (22,), (), (29,), (), (), (40,), (), (), (66,), (), (), (41,), (), (), (), (85,), (), ()]
12;10.254999876;[(), (22,), (), (), (), (), (), (40,), (), (29,), (), (), (), (85,), (), (), (61,), (65,), (), ()]
2;11.0380001068;[(8,), (), (22,), (), (40,), (), (), (29,), (), (), (88,), (), (85,), (), (66,), (), (), (61,), (), ()]
13;10.6619999409;[(), (8,), (), (), (), (), (), (), (22,), (), (), (40,), (), (29,), (), (66,), (41,), (), (), ()]
5;10.7339999676;[(66,), (), (40,), (), (88,), (), (), (8,), (85,), (), (), (), (22,), (29,), (), (61,), (), (), (), ()]
10;10.9660000801;[(22,), (), (), (40,), (), (29,), (), (), (), (66,), (), (), (), (85,), (), (), (41,), (61,), (), ()]
3;10.754999876;[(22,), (40,), (), (), (), (29,), (), (66,), (88,), (), (), (), (8,), (), (85,), (), (41,), (), (), ()]
4;10.3570001125;[(), (22,), (), (40,), (), (), (), (29,), (), (66,), (), (), (8,), (61,), (), (), (65,), (88,), (), ()]
15;10.6239998341;[(), (22,), (), (), (), (40,), (29,), (), (), (), (), (), (66,), (), (), (), (), (88,), (), ()]
6;11.0280001163;[(), (22,), (), (), (40,), (29,), (), (66,), (), (), (), (), (88,), (), (), (85,), (), (), (8,), ()]
0;10.6449999809;[(), (22,), (), (), (40,), (), (29,), (), (), (), (66,), (85,), (), (8,), (), (), (88,), (), (), ()]
-1;10.625;[(), (22,), (), (40,), (), (), (8,), (), (29,), (), (66,), (), (), (), (88,), (), (61,), (), (41,), ()]
4;10.6779999733;[(40,), (), (), (8,), (), (88,), (), (22,), (), (), (85,), (29,), (), (66,), (), (61,), (), (), (), ()]
5;10.0829999447;[(), (22,), (), (40,), (29,), (), (), (), (), (85,), (), (), (66,), (), (), (8,), (), (), (), ()]
2;10.5490000248;[(66,), (), (40,), (), (88,), (), (), (), (8,), (), (), (22,), (), (85,), (), (), (65,), (90,), (), ()]
-1;10.5090000629;[(), (22,), (), (), (40,), (), (29,), (), (), (66,), (), (85,), (), (8,), (), (88,), (), (61,), (), ()]
7;10.3240001202;[(8,), (), (), (66,), (), (40,), (88,), (), (), (), (), (22,), (), (), (41,), (), (), (), (65,), ()]
7;10.0659999847;[(), (22,), (), (), (40,), (), (29,), (), (66,), (), (85,), (), (8,), (), (), (), (88,), (), (), ()]
6;10.6089999676;[(), (22,), (), (40,), (), (29,), (), (), (66,), (), (), (), (85,), (), (), (), (8,), (), (), ()]
6;11.6710000038;[(22,), (), (), (), (66,), (), (), (), (), (41,), (), (85,), (), (88,), (), (), (40,), (), (), ()]
6;11.2730000019;[(40,), (), (22,), (29,), (), (8,), (), (), (85,), (), (), (41,), (), (), (), (), (66,), (), (), ()]
3;11.3169999123;[(8,), (), (66,), (), (), (40,), (), (), (), (88,), (), (), (85,), (), (41,), (22,), (), (65,), (90,), ()]
3;10.6770000458;[(), (22,), (), (), (40,), (), (), (), (88,), (85,), (), (8,), (), (), (), (29,), (), (65,), (), ()]
23;9.92599987984;[(88,), (), (), (40,), (), (), (), (), (), (), (), (), (), (22,), (), (), (29,), (), (), ()]
-2;10.8619999886;[(), (22,), (), (40,), (29,), (), (8,), (), (88,), (), (85,), (), (66,), (), (), (61,), (), (), (41,), ()]
8;10.9460000992;[(22,), (), (), (), (40,), (), (), (29,), (), (66,), (), (), (85,), (), (8,), (), (), (), (61,), ()]
8;10.3250000477;[(22,), (), (66,), (29,), (), (), (), (85,), (), (), (8,), (), (), (), (88,), (), (), (90,), (), ()]
-1;11.2860000134;[(88,), (), (), (), (40,), (), (8,), (22,), (), (41,), (), (29,), (), (), (85,), (), (), (66,), (), ()]
6;10.6599998474;[(), (88,), (), (), (), (40,), (), (), (8,), (), (), (22,), (), (), (), (85,), (), (66,), (), ()]
0;10.7829999924;[(), (22,), (), (40,), (), (29,), (), (), (66,), (), (8,), (), (), (), (), (), (41,), (), (61,), ()]
3;10.7210001945;[(88,), (), (8,), (), (40,), (), (), (), (22,), (41,), (), (), (66,), (57,), (), (), (29,), (), (90,), ()]
5;10.2649998665;[(88,), (), (40,), (), (8,), (22,), (), (), (29,), (), (), (85,), (), (66,), (), (65,), (), (90,), (), ()]
1;10.9750001431;[(), (22,), (), (40,), (), (), (29,), (), (66,), (), (), (), (85,), (), (8,), (), (88,), (), (), ()]
1;10.7369999886;[(), (22,), (), (), (40,), (), (29,), (), (), (), (8,), (), (), (66,), (), (41,), (), (88,), (), ()]
10;10.6029999256;[(), (22,), (), (), (), (40,), (), (8,), (29,), (), (85,), (), (), (), (66,), (), (88,), (), (), ()]
11;11.3320000172;[(66,), (), (), (), (40,), (), (), (), (88,), (), (), (), (8,), (), (), (22,), (), (85,), (), ()]
4;10.618999958;[(88,), (), (), (), (), (40,), (), (22,), (), (), (), (), (85,), (), (29,), (), (61,), (), (), ()]
2;10.5980000496;[(), (88,), (), (40,), (), (), (), (8,), (), (), (22,), (29,), (), (), (66,), (), (65,), (), (90,), ()]
1;10.9219999313;[(), (22,), (), (), (40,), (), (29,), (), (66,), (), (), (85,), (8,), (), (88,), (), (), (41,), (), ()]
1;10.6370000839;[(8,), (), (22,), (), (), (40,), (29,), (), (), (66,), (), (), (88,), (), (), (61,), (), (90,), (), ()]
21;9.8710000515;[(40,), (), (), (), (22,), (), (), (), (), (), (), (29,), (), (8,), (), (), (), (), (), ()]
5;10.3569998741;[(), (22,), (), (40,), (), (29,), (), (66,), (), (85,), (), (8,), (), (88,), (), (61,), (41,), (), (), ()]
7;10.7250001431;[(8,), (), (), (22,), (), (), (66,), (), (), (40,), (), (), (85,), (), (88,), (), (), (), (), ()]
1;10.6749999523;[(), (22,), (), (), (29,), (), (40,), (), (), (66,), (), (8,), (), (88,), (), (61,), (), (41,), (), ()]
8;10.8279998302;[(40,), (), (66,), (), (88,), (), (), (8,), (), (), (), (), (22,), (), (41,), (), (), (57,), (), ()]
11;10.1620001793;[(), (22,), (), (), (), (8,), (), (), (41,), (), (85,), (), (), (), (40,), (), (), (88,), (), ()]
5;10.1870000362;[(40,), (), (), (), (), (22,), (), (66,), (), (), (8,), (), (61,), (), (88,), (90,), (), (), (65,), ()]
1;10.75;[(22,), (), (29,), (), (40,), (), (), (66,), (), (), (85,), (), (), (8,), (), (), (61,), (), (41,), ()]
-1;10.5669999123;[(40,), (), (), (22,), (), (), (29,), (), (), (66,), (), (85,), (), (), (8,), (41,), (), (61,), (), ()]
10;9.86699986458;[(), (22,), (), (40,), (), (29,), (), (), (), (66,), (85,), (), (), (), (), (88,), (), (1,), (), ()]
11;10.0090000629;[(8,), (), (), (22,), (), (40,), (), (), (), (), (85,), (), (), (), (88,), (), (29,), (), (), ()]
10;9.94000005722;[(), (22,), (), (), (), (40,), (), (), (8,), (), (29,), (), (), (), (), (66,), (65,), (), (), ()]
6;10.5550000668;[(), (22,), (), (40,), (), (), (8,), (), (), (), (41,), (), (), (57,), (), (), (), (65,), (), ()]
-1;10.5879998207;[(8,), (), (66,), (), (40,), (), (88,), (), (), (85,), (), (), (), (22,), (), (29,), (), (61,), (), ()]
