Reward;Time;Actions
32;16.3509998322;[(23,), (), (), (74,), (23,), (5,), (), (), (), (), (), (), (), (32,), (), (), (), (), (), ()]
11;17.6980001926;[(11,), (), (), (15,), (), (), (), (24,), (), (), (), (), (), (), (99,), (), (), (), (), ()]
26;17.271999836;[(), (49,), (), (), (), (), (7,), (), (), (24,), (), (), (32,), (), (0,), (), (), (), (), ()]
30;16.9620001316;[(74,), (), (24,), (), (23,), (), (), (7,), (), (), (), (), (), (), (), (1,), (), (), (), ()]
32;17.6959998608;[(7,), (), (33,), (), (16,), (), (32,), (), (), (), (), (), (), (), (), (), (), (), (), ()]
34;15.9509999752;[(23,), (), (), (), (), (), (), (25,), (), (), (), (3,), (), (), (), (8,), (), (), (), ()]
28;18.6780002117;[(97,), (23,), (), (15,), (), (83,), (), (), (7,), (), (), (), (), (), (), (), (), (), (), ()]
48;15.1979999542;[(23,), (), (), (), (), (), (), (15,), (), (), (), (67,), (32,), (), (), (), (), (), (), ()]
24;16.8999998569;[(32,), (), (), (), (), (), (15,), (), (), (), (), (), (), (), (), (), (), (), (), ()]
14;15.7080001831;[(0,), (), (), (), (), (), (33,), (), (7,), (), (), (), (), (23,), (), (), (), (), (), ()]
37;15.146999836;[(21,), (), (), (), (), (), (), (), (), (), (), (), (), (), (), (), (24,), (32,), (), ()]
36;16.9620001316;[(72,), (32,), (), (), (), (), (), (), (), (), (), (), (), (), (82,), (), (), (49,), (99,), ()]
7;18.6640000343;[(23,), (), (49,), (), (7,), (), (), (9,), (), (), (), (), (15,), (), (), (16,), (37,), (), (), ()]
38;16.8379998207;[(21,), (), (16,), (), (12,), (), (), (), (), (), (), (), (), (), (), (), (23,), (), (32,), ()]
4;18.6640000343;[(), (0,), (), (23,), (), (), (), (7,), (), (), (8,), (), (), (11,), (), (), (), (2,), (), ()]
12;19.6349999905;[(), (75,), (), (23,), (), (), (), (99,), (), (7,), (), (24,), (), (), (), (), (), (), (66,), ()]
14;17.7539999485;[(23,), (), (24,), (), (), (), (), (50,), (32,), (), (), (15,), (), (), (), (), (), (), (), ()]
33;16.5200002193;[(24,), (), (), (), (), (), (32,), (), (23,), (), (), (), (), (), (), (), (), (), (), ()]
40;17.6889998913;[(11,), (), (), (41,), (), (), (), (), (), (), (), (), (), (), (), (59,), (74,), (), (), ()]
23;20.3699998856;[(9,), (), (), (), (), (), (33,), (), (15,), (), (0,), (), (16,), (), (99,), (), (), (), (), ()]
16;17.2350001335;[(7,), (), (), (), (75,), (), (), (), (25,), (), (), (99,), (24,), (), (), (), (), (), (), ()]
25;18.1240000725;[(49,), (), (), (16,), (), (), (), (23,), (), (), (), (), (), (), (), (9,), (), (), (), ()]
37;15.3639998436;[(8,), (), (), (), (), (), (), (), (), (), (), (), (), (15,), (15,), (24,), (), (), (), ()]
36;16.2980000973;[(23,), (), (24,), (), (), (), (), (), (), (), (), (59,), (99,), (15,), (), (), (), (49,), (), ()]
23;16.0269999504;[(23,), (), (), (), (), (), (), (), (), (), (), (12,), (), (), (), (), (), (), (), ()]
40;15.2119998932;[(23,), (), (), (), (), (), (), (), (), (), (), (99,), (), (), (), (), (), (18,), (), ()]
11;20.4300000668;[(23,), (), (), (), (75,), (), (), (15,), (), (74,), (), (41,), (), (), (), (), (), (), (), ()]
19;17.1960000992;[(49,), (), (), (), (), (), (), (8,), (), (), (), (), (), (), (50,), (), (), (), (), ()]
23;16.3899998665;[(32,), (), (23,), (), (), (), (), (), (), (), (50,), (), (), (), (), (), (), (2,), (), ()]
44;12.4720001221;[(23,), (), (), (), (), (), (), (), (), (), (), (), (), (), (91,), (12,), (), (), (61,), ()]
34;19.2109999657;[(), (32,), (), (), (), (15,), (), (), (), (), (), (7,), (), (), (), (), (), (), (), ()]
31;15.2190001011;[(1, 97), (), (), (), (23,), (), (), (), (15,), (), (), (), (23,), (), (), (), (), (), (), ()]
10;20.2429997921;[(23,), (), (), (24,), (), (91,), (), (33,), (), (15,), (), (), (), (), (), (), (), (), (), ()]
28;16.4340000153;[(23,), (), (), (), (), (), (), (), (), (), (1,), (), (), (), (), (), (), (91,), (96,), ()]
6;20.1549999714;[(41,), (), (), (41,), (41,), (15,), (), (91,), (), (), (), (41,), (0,), (), (), (), (), (), (), ()]
29;15.495000124;[(90,), (), (), (), (), (), (), (), (), (), (), (), (23,), (), (), (), (49,), (), (), ()]
34;16.5799999237;[(59,), (), (24,), (), (), (), (), (), (), (), (), (), (), (), (16,), (), (26,), (), (), ()]
29;16.2610001564;[(97,), (32,), (), (), (), (), (), (), (), (), (), (), (), (), (), (22,), (), (74,), (91,), ()]
35;19.3179998398;[(), (66,), (32,), (), (), (74,), (), (), (23,), (), (), (), (), (), (), (), (), (16,), (), ()]
18;18.0210001469;[(49,), (), (), (), (), (), (42,), (), (), (), (33,), (), (), (), (), (), (), (), (), ()]
22;18.9229998589;[(32,), (), (), (24,), (), (), (), (), (), (23,), (), (), (), (), (), (0,), (), (), (), ()]
35;18.6660001278;[(97,), (32,), (), (), (15,), (), (), (), (), (), (), (), (), (), (41,), (), (), (91,), (), ()]
16;18.7920000553;[(23,), (), (), (24,), (), (74,), (), (), (), (), (), (), (59,), (32,), (), (), (1,), (), (), ()]
2;19.3979997635;[(23,), (), (), (8,), (), (), (23,), (50,), (), (32,), (), (25,), (), (), (), (), (0,), (), (), ()]
20;16.8820002079;[(23,), (), (74,), (), (7,), (), (), (), (), (), (), (), (), (), (), (), (), (), (), ()]
34;16.6659998894;[(), (24,), (), (), (), (49,), (), (), (), (), (), (), (), (), (), (), (), (), (), ()]
8;18.9790000916;[(), (23,), (), (), (7,), (), (), (), (), (12,), (), (), (), (), (91,), (), (), (22,), (), ()]
14;19.3669998646;[(99,), (), (23,), (), (), (), (), (), (), (), (), (), (), (), (), (), (), (), (), ()]
11;17.6460001469;[(30,), (), (), (), (99,), (), (), (), (), (), (), (25,), (), (99,), (), (27,), (), (), (), ()]
26;18.7039999962;[(24,), (), (32,), (), (23,), (), (), (), (7,), (), (), (), (), (), (), (), (), (), (), ()]
22;18.1759998798;[(99,), (), (74,), (), (24,), (), (), (), (15,), (), (), (), (0,), (), (), (), (), (), (), ()]
42;17.3320000172;[(34,), (), (), (24,), (), (15,), (), (), (), (), (), (), (), (), (), (), (32,), (91,), (41,), ()]
24;18.0090000629;[(83,), (), (15,), (), (), (), (), (8,), (), (60,), (), (21,), (), (), (), (), (), (20,), (), ()]
29;15.2779998779;[(12,), (), (), (), (), (), (), (), (), (), (23,), (), (), (), (), (), (), (), (), ()]
38;14.4630000591;[(0,), (), (), (), (), (), (), (), (), (86,), (), (4,), (), (), (), (), (), (), (), ()]
40;15.371999979;[(26,), (), (), (99,), (), (), (), (), (), (), (), (23,), (), (), (), (), (), (), (), ()]
30;17.2009999752;[(15,), (), (), (), (), (), (), (23,), (), (18,), (), (), (), (), (), (), (), (), (), ()]
36;17.4370000362;[(), (74,), (), (), (), (), (), (), (), (), (), (), (), (), (), (), (24,), (), (), ()]
21;16.0889999866;[(13,), (), (), (), (), (), (23,), (), (), (), (), (), (16,), (32,), (49,), (), (), (), (), ()]
1;20.748000145;[(34,), (), (15,), (), (), (), (), (16,), (), (8,), (), (58,), (32,), (), (), (), (), (), (), ()]
29;18.8659999371;[(23,), (), (), (), (), (32,), (), (0,), (), (), (), (), (), (), (91,), (), (), (), (), ()]
24;16.5239999294;[(99,), (32,), (), (), (), (), (), (), (), (93,), (), (), (), (), (), (), (), (74,), (8,), ()]
4;20.2599999905;[(41,), (), (49,), (), (15,), (), (), (16,), (), (24,), (), (), (), (), (91,), (), (), (), (), ()]
43;14.1940000057;[(), (15,), (), (), (), (), (), (), (), (), (), (), (), (), (), (), (), (50,), (), ()]
14;15.6770000458;[(), (23,), (), (), (), (), (), (0,), (), (), (), (), (1,), (), (), (), (27,), (), (), ()]
31;16.9029998779;[(74,), (), (23,), (), (), (), (), (), (), (), (), (1,), (), (), (), (99,), (), (), (), ()]
41;17.381000042;[(9,), (), (15,), (), (3,), (), (23,), (), (), (32,), (), (), (), (), (), (), (), (), (), ()]
6;20.1640000343;[(), (24,), (), (83,), (), (), (), (), (), (7,), (), (), (8,), (), (25,), (), (0,), (), (), ()]
38;18.2250001431;[(), (32,), (), (24,), (), (15,), (), (), (8,), (), (), (), (), (23,), (), (), (), (), (), ()]
11;18.3399999142;[(7,), (), (), (), (), (), (25,), (), (33,), (), (), (74,), (), (16,), (), (), (1,), (), (), ()]
11;19.0780000687;[(), (24,), (), (), (15,), (), (), (23,), (), (0,), (), (), (), (), (), (75,), (), (), (), ()]
27;16.2389998436;[(49,), (), (), (0,), (), (), (), (), (), (), (1,), (), (33,), (59,), (), (), (), (), (97,), ()]
21;16.8489999771;[(), (32,), (), (15,), (), (0,), (), (), (), (), (), (), (), (), (2,), (), (), (), (), ()]
23;16.4880001545;[(21,), (), (), (), (23,), (), (), (), (), (), (), (), (), (32,), (), (), (), (), (), ()]
3;18.0699999332;[(3,), (), (), (), (41,), (), (), (25,), (), (7,), (0,), (), (), (), (23,), (), (), (), (), ()]
33;17.0350000858;[(59,), (), (), (), (), (), (), (), (), (), (), (), (), (), (22,), (), (), (), (), ()]
26;16.3379998207;[(32,), (), (7,), (), (), (), (), (), (), (), (), (), (), (24,), (), (), (), (), (), ()]
43;15.9130001068;[(47,), (), (24,), (), (9,), (), (), (), (), (), (), (), (), (), (), (), (), (), (), ()]
38;13.5069999695;[(3, 82, 99), (), (), (), (24,), (), (), (), (), (), (), (), (), (), (), (), (86,), (50,), (), ()]
32;17.1949999332;[(32,), (), (24,), (), (), (), (49,), (), (), (), (), (), (), (), (), (), (), (), (), ()]
12;18.2380001545;[(), (49,), (), (15,), (), (23,), (), (), (), (), (), (), (10,), (), (), (), (1,), (), (), ()]
6;19.128000021;[(23,), (), (), (24,), (), (15,), (), (), (), (), (), (8,), (), (), (74,), (32,), (), (2,), (), ()]
30;17.0629999638;[(), (91,), (32,), (), (), (), (), (), (), (), (), (), (), (), (), (), (), (), (), ()]
16;16.3289999962;[(9,), (), (49,), (), (), (), (), (), (), (), (), (), (), (), (34,), (), (92,), (24,), (), ()]
16;18.7509999275;[(15,), (), (), (), (), (), (), (66,), (21,), (), (), (), (), (), (24,), (1,), (), (), (), ()]
10;17.0;[(7,), (), (), (), (), (24,), (), (), (24,), (8,), (), (5,), (), (), (), (), (), (), (), ()]
31;16.995000124;[(), (23,), (), (10,), (), (), (), (), (), (), (), (), (), (), (), (), (), (), (), ()]
29;14.5119998455;[(23,), (), (), (), (), (), (), (), (), (), (), (), (), (), (48,), (), (), (), (), ()]
38;16.6460001469;[(59,), (), (24,), (), (32,), (), (), (), (), (), (), (), (), (), (), (12,), (), (), (34,), ()]
5;19.3239998817;[(16,), (), (7,), (), (), (), (24,), (), (), (25,), (), (), (), (), (99,), (32,), (), (3,), (), ()]
23;16.1760001183;[(21,), (), (7,), (), (), (), (), (), (), (), (66,), (), (10,), (), (23,), (), (49,), (), (), ()]
27;17.6940000057;[(46, 91, 95), (), (49,), (), (50,), (32,), (), (7,), (), (), (), (), (), (), (), (), (), (), (), ()]
24;17.1579999924;[(23,), (), (41,), (), (), (), (), (), (), (), (), (), (), (), (27,), (), (), (), (), ()]
16;17.5099999905;[(34,), (), (), (), (49,), (), (), (), (), (0,), (), (), (), (), (), (), (3,), (), (74,), ()]
23;15.8090000153;[(3,), (), (), (), (), (), (), (), (), (), (), (26,), (), (), (), (), (21,), (), (), ()]
17;16.8809998035;[(15,), (), (), (), (50,), (), (), (), (), (), (), (), (2,), (), (), (32,), (), (23,), (), ()]
44;15.8980000019;[(34,), (), (), (), (), (15,), (), (), (), (), (), (), (), (), (9,), (23,), (), (), (), ()]
26;13.2090001106;[(49,), (), (), (), (), (), (), (), (), (), (), (), (0,), (), (18,), (), (61,), (32,), (24,), ()]
26;16.5290000439;[(32,), (), (), (23,), (), (66,), (), (), (), (), (), (), (), (), (), (), (51,), (), (41,), ()]
39;15.1169998646;[(9,), (), (), (), (), (), (), (), (), (), (), (), (29,), (23,), (), (), (91,), (7,), (), ()]
34;15.0020000935;[(23,), (), (24,), (), (), (), (), (), (), (), (), (), (), (), (), (32,), (61,), (), (), ()]
23;16.4029998779;[(9,), (), (), (), (), (), (), (), (), (), (21,), (), (), (), (14,), (), (), (), (), ()]
30;15.7760000229;[(23,), (), (), (), (), (), (24,), (), (), (), (), (), (), (), (), (), (3,), (), (), ()]
5;18.2690000534;[(74,), (), (), (49,), (), (24,), (), (0,), (), (), (), (), (), (), (8,), (), (32,), (12,), (), ()]
42;15.2130000591;[(), (23,), (), (), (), (), (), (), (), (), (), (), (), (), (), (49,), (), (), (), ()]
31;16.1029999256;[(23,), (), (), (8,), (), (), (), (), (), (), (), (), (), (), (), (), (), (), (), ()]
23;15.263999939;[(59,), (), (), (), (), (), (), (), (), (), (), (), (60,), (23,), (), (), (), (), (), ()]
9;18.1070001125;[(21,), (), (), (), (), (23,), (), (12,), (), (24,), (), (), (), (), (7,), (), (), (), (), ()]
10;16.7400000095;[(50,), (), (7,), (), (), (), (4,), (), (), (), (), (23,), (), (), (), (3,), (), (), (), ()]
20;16.9000000954;[(74,), (), (32,), (), (23,), (), (), (), (), (), (), (), (), (), (54,), (), (), (41,), (), ()]
20;15.9519999027;[(49,), (), (15,), (), (), (), (), (), (), (58,), (32,), (), (), (), (74,), (), (36,), (), (), ()]
44;16.0720000267;[(21,), (), (), (), (), (), (), (), (), (), (), (32,), (), (), (41,), (51,), (), (), (), ()]
23;15.9909999371;[(32,), (), (30,), (), (), (), (), (), (), (), (0,), (), (), (), (), (2,), (), (), (), ()]
44;12.5559999943;[(23,), (), (), (), (), (), (), (), (), (), (), (), (), (1,), (), (), (99,), (49,), (), ()]
3;19.2790000439;[(), (66,), (), (15,), (), (), (), (25,), (), (32,), (), (), (), (), (5,), (), (), (), (), ()]
9;15.4839999676;[(44, 52, 86, 96), (), (), (), (), (), (), (0,), (), (), (), (), (), (), (), (70,), (), (), (), ()]
14;18.1150000095;[(23,), (), (74,), (), (8,), (), (0,), (), (), (), (), (), (25,), (), (), (), (), (), (), ()]
17;15.5490000248;[(99,), (49,), (), (), (), (), (), (), (), (), (), (59,), (), (), (52,), (), (23,), (), (), ()]
42;13.9340000153;[(), (15,), (), (), (), (), (), (32,), (), (), (), (), (), (), (), (), (), (), (), ()]
6;19.4359998703;[(), (49,), (), (), (23,), (), (16,), (), (99,), (74,), (), (), (15,), (), (), (), (25,), (), (), ()]
35;15.7110002041;[(24,), (), (23,), (), (), (), (), (), (), (), (), (), (12,), (), (), (32,), (15,), (50,), (), ()]
25;15.9479999542;[(9,), (), (), (), (), (), (), (), (99,), (), (), (), (), (), (12,), (), (27,), (), (), ()]
27;15.1009998322;[(9,), (), (), (), (), (16,), (), (8,), (), (), (), (), (), (), (), (), (), (), (), ()]
10;18.5930001736;[(32,), (), (), (74,), (), (7,), (), (24,), (), (25,), (), (), (), (), (9,), (), (), (), (), ()]
10;16.5590000153;[(23,), (), (), (15,), (), (), (), (15,), (23,), (0,), (), (), (), (), (), (), (), (), (), ()]
21;16.5390000343;[(24,), (), (7,), (), (), (), (), (), (), (), (), (), (32,), (), (), (62,), (99,), (23,), (), ()]
27;15.7969999313;[(49,), (), (99,), (), (12,), (), (), (), (), (24,), (), (), (32,), (), (), (), (), (), (), ()]
33;14.493999958;[(1, 63), (), (), (), (), (), (), (), (), (), (), (), (), (), (), (23,), (), (74,), (), ()]
38;14.9460000992;[(0,), (), (), (), (), (), (), (), (), (), (), (91,), (61,), (49,), (), (), (42,), (59,), (), ()]
-7;21.263999939;[(99,), (23,), (), (32,), (), (32,), (91,), (), (25,), (), (15,), (), (58,), (), (24,), (), (), (1,), (), ()]
19;16.1849999428;[(21,), (), (7,), (), (15,), (), (), (), (), (), (), (), (), (), (), (), (), (), (), ()]
16;18.0220000744;[(83,), (), (91,), (), (), (), (), (), (), (), (), (0,), (), (7,), (), (), (32,), (), (), ()]
24;17.1809999943;[(23,), (), (), (), (), (), (), (), (), (), (), (15,), (), (74,), (99,), (), (), (), (), ()]
22;17.3069999218;[(74,), (), (23,), (), (), (), (12,), (), (), (10,), (), (), (8,), (), (), (), (), (), (), ()]
26;17.9280002117;[(99,), (), (41,), (), (32,), (), (7,), (), (), (), (), (), (), (), (), (), (), (), (), ()]
12;17.7319998741;[(25,), (), (), (), (), (), (), (23,), (), (74,), (), (1,), (), (24,), (), (74,), (), (), (), ()]
36;16.2479999065;[(21,), (), (), (12,), (), (), (), (), (), (), (32,), (), (), (), (41,), (), (), (), (), ()]
38;16.1349999905;[(23,), (), (), (), (), (), (), (), (), (76,), (33,), (74,), (), (34,), (12,), (), (), (), (), ()]
38;18.2990000248;[(49,), (), (), (), (), (23,), (), (), (32,), (), (), (), (), (), (), (), (), (59,), (), ()]
14;18.5620000362;[(), (99,), (32,), (), (), (49,), (), (83,), (32,), (), (), (), (), (), (), (), (), (), (), ()]
25;15.6460001469;[(15,), (), (), (), (), (), (), (), (), (), (55,), (58,), (), (12,), (), (18,), (), (), (), ()]
27;16.0920000076;[(99,), (24,), (), (), (), (), (), (), (), (32,), (), (74,), (23,), (), (), (), (), (91,), (), ()]
24;17.3579998016;[(21,), (), (91,), (), (), (), (), (), (), (24,), (), (16,), (), (), (7,), (), (), (), (), ()]
5;19.2590000629;[(23,), (), (), (), (7,), (), (83,), (), (), (26,), (), (), (), (), (9,), (), (0,), (), (), ()]
16;19.9700000286;[(23,), (), (49,), (), (16,), (), (), (41,), (), (91,), (), (99,), (), (8,), (), (), (), (), (), ()]
33;14.625;[(7, 28, 39, 58, 66), (), (), (), (), (), (), (), (74,), (59,), (91,), (), (), (), (15,), (), (52,), (49,), (), ()]
25;17.8350000381;[(90,), (23,), (), (24,), (), (), (16,), (), (7,), (), (), (), (), (), (), (), (), (), (), ()]
31;14.6470000744;[(13,), (), (), (), (), (), (), (), (), (), (59,), (), (), (), (), (), (75,), (), (91,), ()]
29;15.9549999237;[(74,), (), (3,), (), (), (), (), (), (), (), (), (), (), (), (), (), (), (49,), (24,), ()]
28;15.9660000801;[(74,), (), (7,), (), (), (), (), (), (), (32,), (49,), (), (), (), (), (), (), (), (), ()]
26;17.4629998207;[(74,), (), (15,), (), (23,), (), (24,), (), (), (), (), (), (), (), (), (), (), (49,), (), ()]
31;13.5350000858;[(9, 13, 87), (), (), (), (), (), (), (), (), (), (), (), (), (), (), (), (), (15,), (), ()]
30;15.6340000629;[(21,), (), (), (), (), (), (), (), (), (), (91,), (74,), (86,), (66,), (50,), (), (), (83,), (34,), ()]
22;18.8619999886;[(49,), (), (32,), (), (99,), (), (), (), (12,), (), (), (), (8,), (), (), (), (), (), (), ()]
25;15.1919999123;[(0,), (), (), (15,), (), (), (8,), (), (), (), (), (), (23,), (), (), (), (), (), (), ()]
38;17.8919999599;[(59,), (), (41,), (), (), (), (99,), (), (), (), (), (), (), (), (), (49,), (), (), (), ()]
40;15.6800000668;[(38,), (), (), (), (), (), (), (), (), (), (), (23,), (94,), (), (24,), (), (), (92,), (36,), ()]
35;14.0750000477;[(15,), (), (), (), (), (), (), (), (), (), (), (), (), (), (), (), (24,), (), (), ()]
28;15.2929999828;[(28,), (), (24,), (), (), (), (), (), (), (), (), (), (), (), (86,), (74,), (32,), (23,), (), ()]
12;17.4019999504;[(), (3,), (), (), (), (59,), (), (32,), (), (), (), (1,), (), (), (), (), (), (), (), ()]
19;17.7690000534;[(23,), (), (), (32,), (), (), (), (), (), (), (), (74,), (), (), (17,), (), (91,), (49,), (), ()]
26;14.126999855;[(23,), (), (), (), (), (), (), (), (17,), (), (), (), (), (), (), (), (), (21,), (), ()]
25;15.3410000801;[(74,), (), (), (), (), (), (), (), (), (), (), (), (), (15,), (), (), (), (), (), ()]
27;14.4019999504;[(16,), (), (), (), (), (), (), (), (), (), (84,), (32,), (), (0,), (), (), (), (), (), ()]
15;16.4730000496;[(3,), (), (), (), (), (), (8,), (), (49,), (), (), (0,), (), (), (), (), (), (), (), ()]
4;19.135999918;[(99,), (), (), (9,), (), (24,), (), (), (), (), (), (1,), (), (), (), (42,), (), (), (), ()]
26;15.6710000038;[(40,), (), (), (23,), (), (24,), (), (), (), (), (), (), (), (), (), (), (), (36,), (), ()]
34;16.3450000286;[(34,), (), (24,), (), (32,), (), (), (), (), (), (), (), (), (), (23,), (), (), (49,), (), ()]
10;17.3770000935;[(21,), (), (32,), (), (), (), (), (), (32,), (), (), (7,), (), (), (17,), (), (), (2,), (), ()]
29;14.4630000591;[(15,), (), (), (), (), (), (), (), (), (74,), (), (), (), (), (), (), (), (), (), ()]
40;15.5599999428;[(23,), (), (15,), (), (), (7,), (), (), (), (), (), (), (), (), (), (), (), (33,), (), ()]
26;17.3459999561;[(), (99,), (), (88,), (32,), (), (), (), (), (), (), (8,), (), (), (), (3,), (), (), (), ()]
14;17.2669999599;[(23,), (), (32,), (), (24,), (), (), (), (49,), (), (), (), (), (), (24,), (), (), (3,), (), ()]
30;15.870000124;[(9,), (), (), (), (), (), (), (), (23,), (), (), (33,), (99,), (), (), (), (), (), (), ()]
11;19.0520000458;[(), (32,), (), (24,), (), (), (49,), (), (), (), (99,), (), (12,), (), (23,), (), (), (), (), ()]
20;16.010999918;[(23,), (), (), (), (), (7,), (), (), (), (), (), (17,), (), (), (), (), (), (), (), ()]
-1;18.6879999638;[(23,), (), (), (), (74,), (32,), (), (15,), (), (), (30,), (), (0,), (), (), (8,), (), (), (), ()]
36;14.3949999809;[(74,), (), (23,), (), (), (), (), (), (), (), (), (), (), (), (), (), (), (), (), ()]
24;18.4130001068;[(), (8,), (), (), (), (15,), (), (), (), (), (), (), (74,), (99,), (32,), (), (), (), (), ()]
15;17.7229998112;[(42, 43, 64, 87), (), (), (), (41,), (), (32,), (), (), (), (), (), (), (59,), (), (), (), (), (), ()]
26;15.3300001621;[(23,), (), (), (), (), (), (), (), (), (), (), (24,), (1,), (), (), (59,), (), (), (), ()]
27;16.4179999828;[(23,), (), (), (83,), (), (), (), (), (), (), (), (), (), (), (), (), (), (), (), ()]
5;19.739000082;[(), (23,), (), (), (), (), (), (99,), (74,), (), (67,), (), (66,), (), (25,), (), (), (), (), ()]
17;16.9269998074;[(8,), (), (), (), (), (), (), (41,), (), (), (), (3,), (), (74,), (), (), (), (), (), ()]
36;19.0940001011;[(23,), (), (), (24,), (), (74,), (99,), (32,), (), (), (), (), (), (), (), (), (), (), (), ()]
20;16.7929999828;[(21,), (), (), (), (), (), (), (), (24,), (), (), (), (), (), (19,), (), (3,), (), (), ()]
43;16.1070001125;[(1,), (), (), (), (), (), (), (23,), (30,), (21,), (49,), (), (), (41,), (91,), (), (), (42,), (), ()]
-2;18.2279999256;[(3, 68, 69), (), (), (24,), (), (23,), (), (), (), (32,), (), (), (74,), (99,), (32,), (), (2,), (), (), ()]
26;13.379999876;[(23,), (), (), (), (), (), (), (), (), (), (), (50,), (), (0,), (), (), (), (), (), ()]
17;15.8800001144;[(21,), (), (7,), (), (), (), (), (), (), (), (), (), (30,), (), (), (3,), (), (), (), ()]
5;19.493999958;[(23,), (), (), (), (49,), (), (), (24,), (), (), (16,), (), (41,), (), (), (92,), (), (), (), ()]
34;16.1970000267;[(49,), (), (7,), (), (24,), (), (), (), (), (), (), (), (), (), (), (15,), (), (), (), ()]
17;16.2790000439;[(23,), (), (), (), (), (), (), (39,), (), (), (32,), (), (), (10,), (), (), (), (99,), (), ()]
38;14.5130000114;[(23,), (), (), (), (), (), (), (), (), (), (), (), (), (), (), (), (), (49,), (99,), ()]
0;20.3959999084;[(32,), (), (), (99,), (), (), (91,), (), (), (24,), (), (), (41,), (), (), (), (0,), (), (), ()]
28;16.2669999599;[(20, 22, 29, 59, 64), (), (), (), (), (), (), (), (24,), (), (), (12,), (), (76,), (32,), (41,), (), (), (), ()]
32;15.3919999599;[(0, 40, 73, 97), (), (), (), (), (), (), (), (23,), (74,), (34,), (66,), (84,), (), (33,), (99,), (), (41,), (), ()]
34;16.1400001049;[(49,), (), (16,), (), (), (), (23,), (), (7,), (), (), (), (), (), (), (), (), (), (), ()]
31;16.0820000172;[(99,), (), (12,), (), (), (), (), (), (24,), (), (0,), (), (), (23,), (), (), (), (), (), ()]
42;14.6889998913;[(3,), (), (), (), (), (), (), (), (), (), (), (), (49,), (23,), (), (), (), (91,), (), ()]
