Reward;Time;Actions
24;15.8999998569;[(15,), (), (), (8,), (23,), (99,), (), (50,), (), (), (), (), (), (), (), (75,), (), (), (), ()]
9;13.7380001545;[(3,), (), (), (), (), (), (), (0,), (), (), (25,), (), (), (), (15,), (36,), (), (18,), (), ()]
9;16.0;[(15,), (), (23,), (), (50,), (), (), (7,), (), (), (), (0,), (), (21,), (66,), (76,), (), (), (), ()]
21;15.6489999294;[(50,), (), (), (), (), (), (63,), (13,), (), (), (99,), (74,), (25,), (), (), (), (2,), (), (), ()]
9;14.0239999294;[(7,), (), (), (), (), (), (6,), (), (), (1,), (), (), (32,), (), (), (51,), (23,), (), (), ()]
25;12.0590000153;[(50,), (), (), (), (), (), (), (), (), (), (), (), (), (), (16,), (), (), (), (), ()]
19;14.4960000515;[(15,), (), (), (), (), (), (), (), (), (), (32,), (), (75,), (), (), (), (), (), (), ()]
16;14.5580000877;[(58,), (), (), (), (), (), (), (), (), (23,), (32,), (), (), (7,), (), (), (25,), (99,), (), ()]
7;15.0429999828;[(25,), (), (), (), (), (), (), (75,), (86,), (59,), (32,), (58,), (99,), (), (), (), (28,), (42,), (), ()]
15;12.7669999599;[(0,), (), (), (), (), (), (), (), (), (), (50,), (), (), (), (), (25,), (23,), (66,), (91,), ()]
10;14.625;[(68,), (49,), (), (), (), (), (), (58,), (32,), (74,), (), (), (), (37,), (), (), (25,), (), (59,), ()]
12;16.2289998531;[(32,), (), (58,), (21,), (), (50,), (), (), (), (25,), (), (), (), (), (), (68,), (49,), (), (), ()]
21;14.9260001183;[(), (50,), (), (), (), (), (59,), (), (), (3,), (), (), (62,), (), (75,), (), (), (2,), (), ()]
14;13.6019999981;[(), (50,), (), (), (), (), (), (), (15,), (), (32,), (24,), (25,), (), (), (62,), (59,), (), (), ()]
14;14.8069999218;[(50,), (), (), (), (15,), (), (0,), (), (), (), (), (32,), (58,), (42,), (13,), (92,), (), (9,), (), ()]
11;14.3589999676;[(), (75,), (), (), (), (), (7,), (), (), (0,), (), (), (50,), (), (), (76,), (), (51,), (), ()]
22;14.0759999752;[(), (75,), (), (), (), (), (), (), (), (26,), (96,), (), (16,), (86,), (), (), (), (), (), ()]
20;14.7960000038;[(8,), (), (0,), (), (), (), (), (), (83,), (), (), (80,), (), (), (2,), (74,), (32,), (), (), ()]
5;14.3380000591;[(), (50,), (), (), (75,), (), (), (), (), (), (0,), (), (), (15,), (), (), (), (), (), ()]
9;14.6059999466;[(15,), (), (50,), (), (), (), (0,), (), (), (), (), (), (), (12,), (), (), (), (32,), (), ()]
11;14.8970000744;[(15,), (), (25,), (), (7,), (), (), (0,), (), (), (), (), (), (), (12,), (), (), (), (), ()]
4;14.2780001163;[(), (0,), (), (), (), (25,), (), (), (), (), (1,), (), (59,), (32,), (7,), (99,), (), (), (), ()]
9;15.5999999046;[(16,), (), (50,), (), (12,), (), (), (), (), (), (32,), (74,), (), (), (7,), (), (), (), (), ()]
18;14.6730000973;[(), (0,), (), (), (), (), (), (), (32,), (66,), (), (7,), (74,), (), (), (75,), (), (), (), ()]
22;13.9809999466;[(12,), (), (), (), (25,), (), (), (), (), (), (), (), (), (7,), (16,), (), (), (88,), (), ()]
17;13.5899999142;[(12,), (), (), (), (), (), (), (), (), (), (37,), (), (), (), (), (75,), (32,), (), (), ()]
5;16.2829999924;[(), (25,), (), (75,), (), (0,), (), (), (99,), (32,), (7,), (), (), (23,), (), (), (), (50,), (), ()]
11;12.623000145;[(50,), (), (), (), (), (), (), (), (), (), (75,), (), (), (), (32,), (76,), (74,), (25,), (), ()]
18;13.8249998093;[(15,), (), (), (), (), (), (), (), (), (), (), (), (25,), (), (11,), (49,), (), (50,), (), ()]
22;13.6630001068;[(50,), (), (), (), (), (), (), (3,), (74,), (), (), (18,), (), (), (76,), (), (), (52,), (), ()]
13;14.7230000496;[(63,), (), (25,), (), (), (), (), (), (), (26,), (32,), (), (), (52,), (74,), (), (18,), (), (), ()]
28;13.6229999065;[(), (12,), (), (), (), (), (), (), (), (), (), (), (29,), (), (), (), (), (15,), (), ()]
13;13.6890001297;[(50,), (), (), (), (), (), (), (), (12,), (), (), (), (), (1,), (), (), (25,), (), (), ()]
8;15.629999876;[(50,), (), (32,), (24,), (), (), (), (), (), (), (), (62,), (), (59,), (15,), (), (), (51,), (), ()]
12;13.7350001335;[(), (12,), (), (), (), (), (), (), (15,), (11,), (99,), (50,), (), (), (), (75,), (49,), (1,), (), ()]
11;16.2339999676;[(15,), (), (7,), (), (50,), (), (74,), (), (), (), (), (), (), (), (), (1,), (), (), (), ()]
16;14.8529999256;[(0,), (), (), (), (), (), (), (75,), (), (), (15,), (86,), (), (), (25,), (), (), (), (), ()]
16;14.7809998989;[(15,), (), (50,), (), (), (), (), (), (74,), (), (51,), (41,), (), (32,), (), (), (7,), (), (), ()]
12;13.3900001049;[(3,), (), (), (), (), (), (), (), (0,), (), (), (), (), (75,), (74,), (), (), (26,), (), ()]
20;14.9319999218;[(1,), (), (), (), (), (), (23,), (), (75,), (), (), (12,), (), (), (), (32,), (), (34,), (), ()]
22;13.3320000172;[(15,), (), (), (), (), (), (0,), (), (), (), (32,), (75,), (34,), (), (16,), (), (), (18,), (), ()]
19;14.6460001469;[(26,), (), (), (15,), (), (), (), (), (76,), (12,), (), (), (1,), (), (), (), (), (), (), ()]
22;13.7749998569;[(), (50,), (), (), (), (), (), (), (0,), (), (), (), (74,), (), (), (), (32,), (), (), ()]
5;16.5789999962;[(50,), (), (), (34,), (86,), (15,), (), (0,), (), (), (), (), (), (), (12,), (), (74,), (), (), ()]
12;14.3170001507;[(), (50,), (), (), (), (), (), (15,), (), (), (58,), (), (51,), (99,), (25,), (), (83,), (), (), ()]
15;14.3669998646;[(25,), (), (), (), (), (), (), (), (1,), (), (), (), (), (74,), (), (32,), (), (), (), ()]
3;13.9850001335;[(), (50,), (), (), (), (), (), (25,), (), (), (43,), (), (), (), (), (), (), (), (), ()]
13;13.4489998817;[(), (50,), (), (), (), (), (), (), (), (32,), (), (), (34,), (3,), (74,), (), (99,), (), (), ()]
12;16.0750000477;[(6,), (), (23,), (9,), (15,), (), (0,), (), (), (), (), (), (), (), (), (25,), (), (), (), ()]
22;13.9600000381;[(15,), (), (25,), (), (), (), (), (2,), (), (), (), (), (), (), (62,), (), (32,), (), (), ()]
11;14.0499999523;[(), (50,), (), (25,), (), (), (), (), (), (), (), (0,), (), (), (), (), (32,), (), (), ()]
16;15.7950000763;[(63,), (), (29,), (66,), (), (15,), (), (), (), (), (), (), (), (), (), (37,), (59,), (), (), ()]
12;12.4179999828;[(), (25,), (), (), (), (), (), (), (), (), (), (32,), (), (), (50,), (), (), (87,), (), ()]
3;16.7839999199;[(), (0,), (), (), (), (), (44,), (24,), (32,), (23,), (), (19,), (99,), (), (1,), (), (), (), (), ()]
21;13.8459999561;[(63,), (), (), (), (), (), (), (), (), (75,), (11,), (), (), (), (), (), (), (52,), (), ()]
13;15.2520000935;[(7,), (), (), (), (), (), (75,), (24,), (32,), (), (16,), (), (27,), (), (), (8,), (), (76,), (74,), ()]
12;13.9159998894;[(), (7,), (), (), (), (25,), (), (), (), (), (), (), (), (), (), (), (15,), (32,), (), ()]
19;15.3059999943;[(7,), (), (), (), (), (), (8,), (32,), (), (), (68,), (99,), (1,), (), (), (18,), (), (), (), ()]
7;13.9639999866;[(13,), (), (), (50,), (), (), (), (0,), (), (), (), (), (61,), (15,), (49,), (), (25,), (), (), ()]
12;15.1900000572;[(51,), (), (0,), (), (), (8,), (24,), (), (), (), (50,), (), (), (12,), (), (), (), (32,), (), ()]
18;15.2350001335;[(13,), (), (), (), (), (), (), (), (99,), (59,), (8,), (24,), (), (), (1,), (), (41,), (), (), ()]
11;15.6729998589;[(16,), (), (), (7,), (), (0,), (), (), (), (), (), (), (), (), (), (50,), (), (), (), ()]
14;13.7339999676;[(15,), (), (), (), (50,), (), (), (25,), (), (), (0,), (), (), (), (), (59,), (), (), (), ()]
2;17.2840001583;[(32,), (), (), (0,), (), (), (), (59,), (24,), (7,), (), (), (), (12,), (), (), (), (), (), ()]
9;16.5529999733;[(15,), (), (), (23,), (59,), (91,), (50,), (), (), (), (), (), (), (0,), (), (), (75,), (74,), (), ()]
16;14.5449998379;[(16,), (49,), (), (0,), (), (), (), (), (), (), (), (), (76,), (15,), (83,), (), (18,), (11,), (), ()]
15;13.128000021;[(7,), (), (), (), (), (), (), (0,), (), (), (), (), (), (26,), (32,), (), (27,), (), (), ()]
11;14.0960001945;[(0,), (), (), (), (), (), (), (34,), (25,), (), (), (2,), (32,), (), (26,), (), (), (27,), (), ()]
16;13.5349998474;[(50,), (), (15,), (), (), (), (), (), (99,), (), (), (), (0,), (), (), (75,), (68,), (), (), ()]
14;14.5750000477;[(), (), (1,), (), (), (50,), (), (59,), (74,), (3,), (), (), (), (), (), (), (), (75,), (23,), ()]
10;12.878000021;[(1,), (), (), (), (), (), (), (), (6,), (), (), (), (), (), (34,), (67,), (), (68,), (), ()]
10;15.6480000019;[(25,), (), (), (), (), (), (32,), (), (), (15,), (), (23,), (59,), (12,), (), (), (), (75,), (), ()]
13;14.3059999943;[(), (50,), (), (), (0,), (), (), (), (), (), (59,), (), (), (8,), (), (16,), (), (54,), (), ()]
16;14.0529999733;[(50,), (), (), (99,), (), (), (), (), (), (), (), (34,), (23,), (74,), (0,), (), (), (), (), ()]
22;13.4619998932;[(25,), (), (), (50,), (), (), (), (), (0,), (), (), (12,), (), (), (), (32,), (), (), (), ()]
15;14.3030002117;[(63,), (), (), (50,), (), (), (), (), (), (), (), (), (7,), (32,), (), (), (), (), (), ()]
7;14.0130000114;[(50,), (), (1,), (), (), (), (), (), (62,), (), (), (), (9,), (11,), (58,), (), (), (76,), (33,), ()]
13;14.3659999371;[(12,), (), (), (), (0,), (), (), (), (), (), (74,), (50,), (), (), (66,), (), (37,), (), (), ()]
14;16.0239999294;[(15,), (), (), (), (), (), (), (), (49,), (), (), (59,), (23,), (1,), (), (), (), (32,), (), ()]
29;14.9400000572;[(25,), (), (), (), (), (), (50,), (), (), (86,), (), (2,), (66,), (), (), (), (), (), (), ()]
18;15.3619999886;[(15,), (), (), (), (), (), (), (8,), (), (93,), (76,), (36,), (), (2,), (58,), (), (80,), (), (), ()]
13;13.2569999695;[(75,), (), (), (), (), (), (0,), (), (), (25,), (), (), (76,), (), (), (32,), (), (), (), ()]
14;13.5160000324;[(75,), (), (), (), (), (), (), (32,), (), (30,), (49,), (), (37,), (), (), (), (), (7,), (59,), ()]
15;13.8410000801;[(25,), (), (), (), (), (), (), (), (), (59,), (66,), (75,), (), (12,), (), (), (76,), (74,), (), ()]
12;15.1449999809;[(7,), (), (), (50,), (), (), (), (), (), (), (), (), (1,), (), (59,), (23,), (76,), (32,), (), ()]
22;15.3550000191;[(), (7,), (), (), (), (), (), (61,), (32,), (8,), (), (25,), (), (), (), (3,), (), (76,), (), ()]
11;14.4679999352;[(16,), (23,), (), (), (), (), (32,), (), (), (), (15,), (), (), (), (), (75,), (), (), (), ()]
7;13.8439998627;[(), (15,), (), (), (), (), (), (50,), (), (), (), (), (56,), (), (), (), (), (16,), (), ()]
5;14.378000021;[(), (50,), (), (), (0,), (), (), (1,), (), (), (), (), (), (), (), (), (), (), (), ()]
21;12.9609999657;[(1,), (), (), (), (), (), (), (), (), (), (), (), (0,), (), (), (), (8,), (75,), (), ()]
11;13.9440000057;[(13,), (), (), (), (), (25,), (), (), (), (), (), (), (), (43,), (), (), (50,), (), (), ()]
18;12.6830000877;[(7,), (), (0,), (), (), (), (), (), (), (), (), (), (23,), (), (75,), (32,), (), (1,), (), ()]
17;14.9609999657;[(13,), (), (), (), (), (50,), (), (), (), (), (), (), (), (59,), (83,), (), (32,), (), (), ()]
23;14.4490001202;[(58,), (23,), (), (), (), (), (), (), (), (18,), (32,), (), (), (), (68,), (), (), (52,), (), ()]
16;14.4140000343;[(), (16,), (), (), (75,), (), (), (25,), (), (), (), (), (23,), (), (), (), (), (), (), ()]
11;13.6869997978;[(50,), (), (), (), (75,), (), (25,), (), (), (), (), (), (27,), (), (), (16,), (74,), (), (), ()]
16;14.1970000267;[(), (50,), (), (), (), (), (), (0,), (), (), (), (), (), (15,), (), (), (43,), (74,), (), ()]
15;15.5050001144;[(8,), (), (25,), (), (), (), (), (), (), (15,), (32,), (91,), (7,), (66,), (), (93,), (49,), (), (), ()]
15;14.4600000381;[(21,), (), (), (), (50,), (), (), (25,), (), (), (), (), (), (24,), (), (12,), (), (), (), ()]
15;15.3039999008;[(21,), (), (), (8,), (32,), (), (), (), (), (), (), (), (11,), (51,), (23,), (), (), (2,), (), ()]
23;13.367000103;[(), (15,), (), (50,), (), (), (), (), (12,), (), (), (), (), (), (32,), (75,), (), (), (), ()]
13;12.9259998798;[(15,), (), (), (), (), (), (50,), (), (), (), (), (12,), (), (), (), (), (25,), (), (), ()]
28;14.736000061;[(15,), (), (), (), (), (), (), (), (), (), (), (27,), (), (), (32,), (), (), (), (), ()]
23;14.3599998951;[(), (7,), (), (), (), (0,), (), (), (), (), (), (), (), (32,), (25,), (), (), (15,), (), ()]
15;16.6070001125;[(15,), (), (25,), (), (), (84,), (59,), (32,), (91,), (), (), (), (), (1,), (), (), (), (), (), ()]
10;17.7620000839;[(8,), (23,), (32,), (24,), (15,), (), (25,), (), (), (), (), (), (74,), (), (), (93,), (), (75,), (), ()]
12;17.6459999084;[(7,), (), (20,), (32,), (), (65,), (), (14,), (15,), (), (), (50,), (), (), (), (), (), (4,), (), ()]
16;13.7929999828;[(13,), (), (), (), (), (), (), (25,), (), (), (), (15,), (), (), (26,), (), (), (7,), (), ()]
12;17.4830000401;[(), (50,), (), (), (23,), (49,), (58,), (32,), (99,), (99,), (0,), (), (), (), (), (1,), (), (), (), ()]
9;13.146999836;[(75,), (), (), (), (), (), (), (), (16,), (23,), (50,), (), (), (15,), (), (), (51,), (), (), ()]
17;12.995000124;[(), (), (50,), (), (), (), (0,), (), (), (), (), (), (), (1,), (), (), (), (18,), (), ()]
18;13.8080000877;[(0,), (), (), (), (), (24,), (), (), (1,), (), (), (), (), (57,), (), (7,), (49,), (), (), ()]
3;15.5619997978;[(12,), (), (), (), (26,), (), (50,), (), (), (0,), (), (99,), (21,), (32,), (88,), (3,), (), (), (), ()]
11;13.9470000267;[(63,), (), (75,), (), (), (), (50,), (), (), (), (), (), (23,), (15,), (16,), (99,), (), (32,), (), ()]
25;14.9010000229;[(8,), (), (), (), (), (), (), (23,), (), (39,), (), (1,), (), (), (), (15,), (), (19,), (), ()]
9;14.0429999828;[(), (12,), (), (32,), (), (), (), (), (), (), (25,), (), (), (), (), (8,), (66,), (7,), (), ()]
11;15.0859999657;[(16,), (32,), (), (), (1,), (), (0,), (), (), (), (99,), (), (25,), (), (), (15,), (), (18,), (41,), ()]
23;15.3190000057;[(75,), (), (50,), (), (), (), (), (), (), (80,), (), (), (), (4,), (24,), (), (82,), (18,), (), ()]
23;13.4370000362;[(50,), (), (), (), (), (0,), (), (), (), (), (32,), (58,), (), (), (27,), (16,), (), (29,), (), ()]
4;16.8370001316;[(25,), (), (32,), (), (), (1,), (), (74,), (58,), (99,), (), (), (0,), (), (), (), (7,), (24,), (), ()]
13;13.7819998264;[(25,), (), (12,), (), (), (), (), (), (), (49,), (), (15,), (), (), (66,), (23,), (), (18,), (), ()]
16;14.0730001926;[(50,), (), (), (), (), (32,), (49,), (), (), (), (), (), (7,), (11,), (8,), (58,), (37,), (), (), ()]
26;12.1979999542;[(13,), (), (), (), (), (), (), (), (), (), (), (25,), (), (16,), (), (), (32,), (), (), ()]
18;13.9900000095;[(), (25,), (), (), (), (), (), (87,), (), (15,), (), (), (), (32,), (), (18,), (74,), (), (), ()]
11;13.7809998989;[(50,), (), (), (), (), (), (1,), (), (), (51,), (23,), (), (), (), (16,), (), (32,), (), (), ()]
19;12.3090000153;[(50,), (), (), (), (), (), (), (), (), (), (), (), (), (12,), (), (), (), (), (), ()]
28;14.763999939;[(75,), (), (50,), (), (), (), (), (), (), (20,), (), (8,), (), (15,), (49,), (32,), (), (), (), ()]
11;13.9590001106;[(), (50,), (), (), (), (1,), (), (99,), (), (25,), (), (), (58,), (23,), (12,), (), (), (32,), (), ()]
2;17.0610001087;[(), (15,), (), (), (7,), (), (32,), (23,), (), (0,), (), (), (), (25,), (), (), (), (), (), ()]
18;16.3669998646;[(25,), (), (), (), (), (), (), (15,), (41,), (51,), (74,), (), (7,), (), (32,), (), (), (), (), ()]
15;13.5299999714;[(), (0,), (), (), (), (25,), (), (), (1,), (), (), (), (), (), (), (50,), (), (), (), ()]
15;14.0920000076;[(51,), (), (), (), (), (0,), (), (), (), (), (), (), (), (29,), (), (), (15,), (76,), (), ()]
19;14.756000042;[(25,), (), (), (), (), (), (), (86,), (75,), (7,), (24,), (), (32,), (), (20,), (), (8,), (), (23,), ()]
21;15.7880001068;[(15,), (), (), (), (), (), (32,), (1,), (), (), (16,), (49,), (), (), (14,), (), (), (), (), ()]
13;14.007999897;[(3,), (), (), (), (0,), (), (), (), (), (), (1,), (), (), (15,), (49,), (7,), (39,), (), (), ()]
16;14.8989999294;[(13,), (), (50,), (), (), (), (), (), (11,), (), (), (75,), (), (), (76,), (9,), (), (16,), (), ()]
18;16.364000082;[(7,), (), (), (), (), (), (), (), (32,), (), (58,), (), (), (50,), (), (83,), (), (75,), (49,), ()]
9;16.2400000095;[(), (58,), (74,), (12,), (), (), (), (), (0,), (), (), (49,), (59,), (24,), (), (), (1,), (), (34,), ()]
9;16.0939998627;[(16,), (23,), (7,), (), (), (), (), (0,), (), (), (), (), (), (15,), (), (), (), (), (), ()]
15;15.8040001392;[(), (32,), (32,), (15,), (), (), (0,), (), (), (50,), (), (), (1,), (), (), (), (), (), (), ()]
20;13.2070000172;[(50,), (), (), (), (), (), (0,), (), (), (12,), (), (), (), (1,), (), (), (), (26,), (), ()]
9;15.6679999828;[(12,), (), (), (), (), (63,), (32,), (), (), (), (), (25,), (), (83,), (), (8,), (9,), (), (), ()]
13;14.625;[(76,), (), (), (), (), (), (), (), (), (), (), (), (32,), (), (), (57,), (78,), (), (), ()]
9;15.9400000572;[(58,), (99,), (), (12,), (), (), (), (), (), (15,), (32,), (), (), (), (74,), (68,), (), (49,), (91,), ()]
17;15.1419999599;[(15,), (), (25,), (), (), (), (), (), (), (), (32,), (), (37,), (23,), (), (75,), (), (), (), ()]
19;14.4949998856;[(13,), (), (50,), (), (), (), (), (), (), (), (76,), (23,), (), (93,), (), (), (), (2,), (), ()]
26;13.7039999962;[(15,), (), (), (), (), (), (), (), (), (), (52,), (), (3,), (), (32,), (), (), (), (), ()]
2;16.0110001564;[(63,), (), (), (), (), (66,), (59,), (12,), (), (), (), (), (32,), (49,), (16,), (99,), (51,), (24,), (), ()]
14;13.9489998817;[(), (7,), (), (0,), (), (), (), (), (32,), (12,), (), (), (), (), (), (), (19,), (99,), (), ()]
4;15.2509999275;[(7,), (), (12,), (), (), (), (1,), (), (50,), (), (), (), (), (), (), (4,), (), (32,), (), ()]
14;14.5620000362;[(), (51,), (), (), (0,), (), (), (25,), (), (), (), (), (), (1,), (), (59,), (2,), (86,), (), ()]
24;16.1460001469;[(7,), (), (23,), (), (), (), (), (99,), (), (80,), (), (58,), (), (), (32,), (), (), (), (), ()]
8;15.3729999065;[(16,), (7,), (), (50,), (), (), (1,), (), (), (), (), (), (), (32,), (9,), (83,), (12,), (), (), ()]
16;13.2030000687;[(50,), (), (), (25,), (), (), (), (), (74,), (), (12,), (), (), (), (), (32,), (41,), (), (), ()]
16;15.0439999104;[(15,), (), (), (), (), (0,), (), (), (32,), (), (23,), (9,), (49,), (59,), (68,), (74,), (), (), (), ()]
15;15.1909999847;[(50,), (), (), (25,), (), (32,), (24,), (), (0,), (), (), (), (), (), (75,), (), (), (68,), (), ()]
14;12.9990000725;[(15,), (), (), (), (), (), (), (), (50,), (), (32,), (), (), (), (7,), (74,), (), (19,), (), ()]
14;13.1440000534;[(25,), (), (), (), (), (), (), (32,), (99,), (0,), (), (), (7,), (), (2,), (), (59,), (), (), ()]
24;12.3159999847;[(), (50,), (), (), (), (), (), (), (), (25,), (), (), (), (), (), (16,), (), (), (), ()]
17;14.0179998875;[(15,), (), (), (), (), (), (), (32,), (41,), (), (), (), (), (8,), (61,), (), (), (), (), ()]
9;15.114000082;[(), (8,), (32,), (), (15,), (), (), (1,), (), (), (), (), (), (), (), (26,), (), (99,), (), ()]
23;13.8949999809;[(75,), (), (), (), (), (), (), (32,), (), (12,), (), (), (50,), (), (), (15,), (), (), (), ()]
18;14.7850000858;[(), (0,), (), (), (), (), (), (32,), (49,), (34,), (), (), (50,), (), (), (), (), (), (), ()]
13;13.8729999065;[(12,), (), (), (), (), (), (), (68,), (), (), (), (), (), (), (15,), (9,), (), (), (), ()]
8;14.7790000439;[(12,), (), (), (33,), (), (0,), (), (), (), (), (), (), (), (), (6,), (), (), (50,), (), ()]
22;15.2929999828;[(), (7,), (), (), (), (), (), (), (8,), (92,), (), (), (), (16,), (), (), (), (), (), ()]
23;15.9219999313;[(23,), (99,), (32,), (), (12,), (), (), (), (), (), (), (), (74,), (), (1,), (), (), (10,), (), ()]
4;15.6549999714;[(25,), (), (), (), (50,), (), (), (99,), (74,), (32,), (), (), (7,), (), (), (15,), (), (28,), (61,), ()]
10;13.9140000343;[(13,), (), (15,), (), (), (), (), (), (), (), (25,), (), (32,), (), (34,), (76,), (33,), (), (), ()]
13;15.0120000839;[(), (0,), (), (), (), (), (), (16,), (86,), (), (32,), (), (), (87,), (23,), (), (), (68,), (), ()]
16;13.2309999466;[(), (50,), (), (), (), (), (), (), (), (), (75,), (), (), (32,), (), (16,), (), (15,), (), ()]
17;15.1270000935;[(8,), (), (75,), (), (), (), (), (), (), (), (), (32,), (), (16,), (50,), (), (), (), (), ()]
13;14.8299999237;[(50,), (), (13,), (), (0,), (), (), (), (), (59,), (8,), (), (), (32,), (15,), (), (), (2,), (74,), ()]
10;15.1400001049;[(), (50,), (), (), (), (), (66,), (), (15,), (), (7,), (99,), (59,), (9,), (49,), (58,), (23,), (32,), (), ()]
19;14.2209999561;[(7,), (), (), (), (), (), (32,), (), (), (87,), (99,), (), (), (29,), (), (), (2,), (36,), (83,), ()]
11;15.1410000324;[(7,), (), (76,), (), (26,), (), (), (), (), (), (0,), (), (), (), (), (51,), (), (), (), ()]
12;15.2209999561;[(3,), (), (15,), (), (50,), (), (), (), (25,), (), (), (), (80,), (), (8,), (), (24,), (), (), ()]
22;13.8759999275;[(50,), (), (), (), (), (), (78,), (), (26,), (), (), (), (), (43,), (), (), (), (), (), ()]
20;13.4030001163;[(), (25,), (), (), (), (), (), (), (75,), (), (), (16,), (24,), (), (1,), (), (), (), (), ()]
17;13.0429999828;[(0,), (), (), (), (), (), (), (), (), (8,), (), (2,), (23,), (), (32,), (68,), (), (16,), (), ()]
8;15.5169999599;[(15,), (), (50,), (), (), (), (), (), (75,), (), (), (), (58,), (61,), (), (), (), (52,), (), ()]
22;15.3429999352;[(51,), (), (), (), (), (), (), (), (75,), (59,), (), (), (), (53,), (), (26,), (32,), (), (), ()]
13;15.4690001011;[(12,), (), (), (75,), (), (), (), (), (25,), (), (), (66,), (32,), (99,), (), (1,), (), (), (), ()]
24;13.0369999409;[(), (0,), (), (), (), (), (), (), (), (), (), (1,), (), (), (75,), (), (), (39,), (), ()]
17;14.4110000134;[(15,), (), (), (), (), (), (), (), (32,), (), (16,), (), (93,), (), (), (18,), (91,), (75,), (), ()]
15;12.9379999638;[(50,), (), (), (25,), (), (), (), (), (), (), (), (), (39,), (), (), (), (51,), (67,), (23,), ()]
9;14.0130000114;[(0, 37), (), (), (), (), (76,), (32,), (), (), (), (59,), (81,), (), (), (), (), (12,), (), (), ()]
9;13.3069999218;[(50,), (), (), (), (), (), (), (), (), (), (), (), (15,), (), (), (), (), (6,), (), ()]
18;14.3170001507;[(75,), (), (), (), (), (), (24,), (), (2,), (), (50,), (), (), (91,), (), (76,), (32,), (), (), ()]
3;16.8539998531;[(), (25,), (), (32,), (83,), (), (0,), (), (), (), (), (19,), (24,), (), (1,), (), (), (), (), ()]
12;14.1950001717;[(15,), (), (50,), (), (), (), (), (), (), (), (8,), (99,), (59,), (24,), (), (), (32,), (16,), (58,), ()]
14;15.6649999619;[(15,), (), (), (), (), (25,), (), (34,), (23,), (12,), (), (), (), (), (), (), (), (16,), (), ()]
18;13.3599998951;[(), (), (0,), (), (), (), (), (), (), (56,), (), (), (15,), (91,), (12,), (), (), (74,), (), ()]
10;15.2580001354;[(), (50,), (), (), (), (), (32,), (99,), (7,), (), (0,), (), (), (68,), (49,), (), (), (), (), ()]
14;14.2309999466;[(32,), (), (50,), (), (), (), (), (), (), (26,), (23,), (), (1,), (), (24,), (), (62,), (74,), (), ()]
11;14.3580000401;[(15,), (), (7,), (), (), (), (), (), (), (), (), (), (), (12,), (), (), (99,), (), (), ()]
18;12.4479999542;[(7,), (), (), (), (), (), (), (), (59,), (), (), (12,), (), (), (15,), (), (), (18,), (), ()]
10;14.1419999599;[(51,), (), (), (), (), (0,), (), (), (), (50,), (), (99,), (), (), (75,), (), (), (68,), (), ()]
13;13.635999918;[(), (50,), (), (), (), (), (1,), (), (), (), (25,), (), (), (), (), (54,), (99,), (12,), (), ()]
11;15.875;[(), (1,), (), (75,), (), (), (), (32,), (74,), (), (32,), (0,), (), (), (), (49,), (), (93,), (), ()]
