Reward,Time,Seed
4;73.5360000134;[(245,), (), (451,), (), (), (), (), (610,), (), (663,), (), (), (190,), (), (106,), (), (376,), (), (161,), ()]
11;73.3659999371;[(), (451,), (), (), (), (610,), (), (190,), (), (), (663,), (), (245,), (), (), (), (), (119,), (), ()]
6;73.0009999275;[(451,), (610,), (), (), (106,), (), (245,), (), (663,), (), (), (), (), (), (119,), (161,), (), (190,), (), ()]
11;73.5420000553;[(), (451,), (), (), (), (610,), (), (190,), (), (376,), (), (663,), (), (), (), (), (), (), (), ()]
17;70.8420000076;[(), (451,), (), (), (), (610,), (), (), (), (), (), (), (621,), (), (663,), (), (190,), (), (), ()]
4;73.6749999523;[(), (451,), (), (), (), (), (610,), (), (376,), (), (), (), (663,), (), (245,), (), (119,), (), (161,), ()]
4;69.2000000477;[(), (451,), (), (610,), (), (), (), (190,), (), (663,), (), (245,), (), (), (106,), (), (), (), (376,), ()]
12;67.8340001106;[(), (190,), (245,), (), (), (), (), (610,), (), (663,), (), (), (), (106,), (), (), (119,), (), (), ()]
10;69.3269999027;[(), (190,), (), (), (245,), (), (610,), (), (), (663,), (), (), (), (), (), (106,), (), (), (161,), ()]
8;68.9700000286;[(451,), (), (), (610,), (), (), (), (), (190,), (), (663,), (), (), (245,), (), (119,), (), (), (), ()]
