Reward,Time,Seed
149;49.1819999218;[(250,), (), (), (), (), (), (), (), (), (65,), (), (), (312,), (), (), (126,), (), (), (), ()]
150;47.242000103;[(250,), (), (), (), (), (), (), (), (), (), (), (), (187,), (), (), (), (), (), (65,), ()]
168;49.1159999371;[(250,), (), (), (), (), (), (), (), (), (), (187,), (), (), (315,), (), (190,), (), (159,), (), ()]
133;47.1940000057;[(250,), (), (), (), (), (), (), (), (), (), (), (), (125,), (), (), (), (187,), (), (), ()]
152;47.9820001125;[(250,), (), (), (), (), (), (), (), (), (65,), (375,), (), (), (312,), (), (93,), (), (2,), (), ()]
131;48.5179998875;[(250,), (), (), (), (), (), (), (), (), (), (156,), (), (), (437,), (), (315,), (), (), (32,), ()]
160;51.3250000477;[(250,), (), (), (), (), (), (), (), (), (315,), (), (), (202,), (), (8,), (), (2,), (), (), ()]
153;48.8800001144;[(250,), (), (), (), (), (), (), (), (), (437,), (), (), (), (202,), (), (8,), (), (), (315,), ()]
150;49.5759999752;[(250,), (), (), (), (), (), (), (), (), (375,), (), (128,), (), (32,), (2,), (), (3,), (), (), ()]
158;48.6689999104;[(250,), (), (), (), (), (), (), (), (), (), (), (128,), (), (2,), (), (), (), (), (), ()]
