Reward,Time,Actions
149;67.0409998894;[(23,), (), (47,), (), (38,), (), (), (), (), (), (), (), (), (), (), (), (361,), (), (204,), ()]
153;62.0950000286;[(100, 517, 534), (), (), (), (), (), (), (), (), (), (361,), (), (), (827,), (398,), (), (94,), (604,), (), ()]
146;61.6789999008;[(768,), (0,), (), (), (), (), (), (), (), (), (), (), (993,), (26,), (), (), (405,), (), (171,), ()]
148;69.5080001354;[(90,), (), (140,), (), (), (), (), (), (), (), (), (), (264,), (43,), (960,), (), (348,), (962,), (221,), ()]
168;74.7449998856;[(24, 744), (), (535,), (), (62,), (), (), (), (), (), (), (), (), (), (), (456,), (424,), (), (74,), ()]
158;71.2699999809;[(351,), (), (), (), (), (), (), (), (), (), (), (), (628,), (699,), (717,), (), (214,), (249,), (74,), ()]
138;62.6809999943;[(402, 487, 702, 717, 734), (), (), (), (), (), (), (), (), (), (), (), (582,), (538,), (564,), (459,), (110,), (367,), (674,), ()]
173;61.6800000668;[(90, 188, 801, 836), (), (), (), (), (), (), (), (), (), (223,), (), (804,), (99,), (), (), (218,), (179,), (), ()]
138;67.4720001221;[(628, 892, 896, 999), (), (765,), (), (77,), (), (), (), (), (), (), (), (), (), (), (), (317,), (944,), (), ()]
177;73.6510000229;[(322,), (456,), (), (), (), (), (), (), (879,), (), (934,), (), (267,), (), (222,), (116,), (578,), (424,), (), ()]
