Reward,Time,Actions
304;77.7289998531;[(99, 372, 648), (), (), (), (), (), (), (), (), (), (), (), (), (), (), (), (), (), (), ()]
229;108.011000156;[(421,), (), (233,), (), (917,), (), (3,), (), (), (), (), (), (), (), (), (), (), (), (), ()]
347;85.2839999199;[(808, 847), (), (), (), (), (), (), (), (), (), (), (), (), (), (), (), (), (), (), ()]
38;101.13499999;[(240, 629, 941), (), (59,), (), (), (), (), (), (), (), (), (), (), (), (393,), (), (), (422,), (), ()]
330;83.4030001163;[(241, 520, 898), (), (), (), (), (), (), (), (), (), (), (), (), (), (), (), (450,), (643,), (), ()]
356;77.0379998684;[(170, 301, 962), (), (), (), (), (), (), (), (), (), (), (), (), (), (), (), (), (), (), ()]
321;79.8289999962;[(91, 866), (), (), (), (), (), (), (), (), (), (), (), (), (), (), (), (41,), (), (), ()]
286;108.812999964;[(443,), (), (), (196,), (), (), (), (), (), (), (), (), (), (), (), (), (), (), (), ()]
376;78.4110000134;[(60, 70, 532), (), (), (), (), (), (), (), (), (), (), (), (), (), (), (), (474,), (564,), (), ()]
303;108.322999954;[(450,), (), (), (694,), (), (598,), (), (), (), (), (), (), (), (), (), (), (), (), (), ()]
