Reward;Time;Seed
-5;26.2139999866;[(82,), (), (97,), (), (), (118,), (), (34,), (), (163,), (), (), (1,), (), (157,), (), (92,), (), (156,), ()]
3;25.2690000534;[(), (82,), (), (34,), (), (97,), (), (157,), (), (), (), (118,), (), (), (), (), (1,), (), (163,), ()]
3;25.4230000973;[(), (82,), (), (), (), (), (97,), (), (), (), (), (157,), (), (163,), (), (), (1,), (118,), (), ()]
8;25.013999939;[(), (82,), (), (), (97,), (), (118,), (), (), (), (), (), (34,), (), (), (163,), (), (), (), ()]
-2;24.9630000591;[(), (82,), (), (97,), (), (), (118,), (), (13,), (), (), (163,), (), (1,), (92,), (156,), (), (), (), ()]
3;25.9549999237;[(34,), (), (), (), (97,), (), (), (157,), (), (), (), (163,), (), (), (1,), (), (), (118,), (), ()]
-1;26.2019999027;[(), (82,), (), (), (), (97,), (), (118,), (), (34,), (), (163,), (), (1,), (), (), (157,), (), (92,), ()]
6;25.9730000496;[(), (82,), (), (), (), (97,), (), (), (), (34,), (), (157,), (), (), (118,), (), (), (1,), (), ()]
1;24.867000103;[(), (82,), (), (97,), (), (118,), (), (34,), (), (157,), (), (), (163,), (), (), (92,), (), (156,), (), ()]
-3;24.6729998589;[(), (82,), (97,), (), (), (118,), (), (34,), (), (), (157,), (), (1,), (), (), (163,), (), (), (92,), ()]
5;25.6460001469;[(), (97,), (), (82,), (), (118,), (), (), (), (), (34,), (), (), (157,), (), (), (), (163,), (), ()]
-9;25.390999794;[(), (82,), (), (97,), (), (118,), (34,), (), (157,), (), (1,), (), (163,), (), (92,), (), (), (156,), (), ()]
5;25.4380002022;[(82,), (), (97,), (), (118,), (), (), (34,), (), (), (157,), (1,), (), (), (163,), (), (), (92,), (), ()]
4;25.0769999027;[(), (82,), (), (97,), (), (), (), (), (118,), (), (), (34,), (), (), (157,), (), (1,), (), (163,), ()]
-1;25.6710000038;[(), (82,), (97,), (), (118,), (), (34,), (), (), (), (157,), (), (), (), (), (), (1,), (), (163,), ()]
17;25.3819999695;[(34,), (), (97,), (), (), (), (), (148,), (), (118,), (), (157,), (), (163,), (), (), (), (), (), ()]
0;25.5910000801;[(), (97,), (), (82,), (), (118,), (), (34,), (), (), (), (163,), (), (), (), (1,), (), (), (157,), ()]
16;24.4549999237;[(148,), (), (82,), (), (), (), (97,), (), (), (), (), (), (), (), (1,), (), (118,), (), (92,), ()]
12;25.0780000687;[(82,), (), (), (), (), (34,), (), (97,), (), (), (), (), (), (), (), (118,), (), (1,), (), ()]
8;25.5850000381;[(148,), (), (82,), (), (), (), (), (97,), (), (), (), (118,), (), (), (), (34,), (), (1,), (), ()]
-1;25.2809998989;[(), (82,), (), (97,), (), (118,), (), (34,), (), (157,), (), (), (1,), (), (), (163,), (), (), (92,), ()]
7;24.9360001087;[(), (82,), (), (), (), (), (97,), (), (), (), (118,), (34,), (), (), (157,), (1,), (), (163,), (), ()]
4;25.5899999142;[(97,), (), (82,), (118,), (), (34,), (), (), (), (157,), (), (), (), (163,), (), (92,), (), (), (156,), ()]
-4;26.3329999447;[(148,), (), (), (82,), (), (97,), (), (34,), (), (163,), (), (1,), (), (157,), (), (118,), (), (92,), (), ()]
5;25.114000082;[(), (34,), (), (97,), (), (148,), (), (157,), (), (), (118,), (), (107,), (), (), (), (1,), (), (), ()]
4;25.9900000095;[(34,), (), (97,), (), (148,), (), (13,), (), (118,), (), (1,), (), (), (157,), (), (92,), (156,), (), (), ()]
12;25.3650000095;[(), (82,), (), (97,), (), (), (34,), (), (), (157,), (), (), (), (), (163,), (), (118,), (), (), ()]
5;24.876999855;[(), (82,), (), (97,), (), (), (), (34,), (), (157,), (), (), (163,), (), (107,), (), (118,), (), (), ()]
3;25.6660001278;[(82,), (), (97,), (), (), (), (118,), (), (), (34,), (), (157,), (), (1,), (), (), (107,), (), (92,), ()]
-2;25.5439999104;[(148,), (), (82,), (), (97,), (), (118,), (), (34,), (), (), (163,), (), (1,), (), (), (92,), (), (156,), ()]
5;25.9000000954;[(82,), (97,), (), (), (118,), (), (34,), (), (157,), (), (1,), (), (), (163,), (), (92,), (), (), (), ()]
-4;25.1119999886;[(82,), (), (), (97,), (), (118,), (), (34,), (), (157,), (1,), (), (163,), (), (92,), (), (), (), (156,), ()]
7;25.3280000687;[(97,), (), (), (), (107,), (), (), (34,), (), (118,), (), (), (1,), (), (), (), (), (), (157,), ()]
12;26.0499999523;[(13,), (), (), (34,), (), (), (118,), (), (), (), (157,), (), (97,), (), (), (163,), (), (), (), ()]
-2;25.256000042;[(), (82,), (), (), (97,), (), (34,), (), (118,), (), (), (157,), (), (), (1,), (), (163,), (), (), ()]
12;24.7980000973;[(148,), (), (82,), (), (97,), (), (), (34,), (), (), (), (163,), (), (), (), (), (), (1,), (), ()]
2;25.5209999084;[(), (82,), (), (), (97,), (), (118,), (), (157,), (), (), (34,), (), (), (), (), (163,), (92,), (), ()]
7;25.5940001011;[(), (82,), (), (97,), (), (), (), (), (148,), (), (), (157,), (), (), (34,), (), (), (1,), (), ()]
-1;25.8399999142;[(), (97,), (), (82,), (), (), (118,), (), (34,), (), (148,), (), (), (163,), (), (1,), (92,), (), (156,), ()]
2;25.7709999084;[(), (82,), (), (97,), (), (118,), (), (34,), (), (157,), (), (1,), (), (), (), (163,), (92,), (), (), ()]
1;25.9340000153;[(82,), (97,), (), (118,), (), (34,), (), (157,), (), (), (1,), (), (), (163,), (92,), (), (), (), (156,), ()]
5;24.7929999828;[(), (82,), (), (97,), (), (), (), (118,), (), (), (), (), (163,), (), (1,), (), (34,), (), (), ()]
-3;25.8190000057;[(), (82,), (), (97,), (), (118,), (), (34,), (), (157,), (), (1,), (), (), (163,), (92,), (), (166,), (), ()]
-2;25.4709999561;[(), (82,), (), (34,), (), (), (97,), (), (), (157,), (), (118,), (), (), (1,), (), (163,), (92,), (), ()]
14;23.9000000954;[(), (82,), (), (), (97,), (118,), (), (), (157,), (), (), (), (), (163,), (), (), (), (34,), (), ()]
5;24.8199999332;[(), (82,), (), (34,), (97,), (), (), (), (157,), (), (163,), (), (), (), (118,), (), (), (1,), (92,), ()]
7;25.1480000019;[(), (82,), (), (), (), (), (97,), (), (), (118,), (), (34,), (), (), (1,), (), (157,), (), (), ()]
10;24.5900001526;[(), (82,), (), (97,), (), (), (), (), (), (34,), (), (157,), (), (1,), (163,), (), (), (), (92,), ()]
11;24.3959999084;[(82,), (), (), (97,), (), (118,), (), (), (), (34,), (157,), (), (), (), (), (163,), (), (), (1,), ()]
-1;25.2239999771;[(82,), (97,), (), (), (118,), (), (), (34,), (), (157,), (), (1,), (), (163,), (), (92,), (), (156,), (), ()]
6;25.2260000706;[(97,), (), (82,), (), (), (), (), (), (), (118,), (), (), (157,), (), (163,), (), (), (), (1,), ()]
3;24.9119999409;[(), (82,), (), (), (97,), (), (118,), (), (34,), (), (), (), (163,), (), (), (), (1,), (), (), ()]
6;25.3280000687;[(148,), (), (), (), (82,), (), (), (97,), (), (), (118,), (), (34,), (), (1,), (), (), (), (163,), ()]
19;24.1519999504;[(), (82,), (), (), (), (), (97,), (), (), (34,), (), (), (), (), (), (), (), (157,), (), ()]
1;25.6849999428;[(), (82,), (), (97,), (), (), (157,), (), (), (163,), (), (1,), (), (118,), (), (), (), (92,), (), ()]
-4;26.1050000191;[(34,), (), (97,), (), (148,), (), (118,), (), (), (157,), (), (163,), (1,), (), (92,), (156,), (), (), (), ()]
2;24.8329999447;[(), (97,), (), (), (), (148,), (), (157,), (), (163,), (), (107,), (), (1,), (118,), (), (), (), (92,), ()]
6;25.7980000973;[(97,), (), (), (148,), (), (157,), (), (), (), (118,), (), (1,), (), (), (163,), (), (92,), (), (), ()]
15;25.2090001106;[(82,), (), (34,), (), (), (), (), (), (97,), (118,), (), (), (), (), (157,), (), (), (), (), ()]
-1;25.3049998283;[(82,), (), (97,), (), (118,), (), (), (157,), (), (34,), (), (), (1,), (), (163,), (), (), (), (92,), ()]
7;25.6730000973;[(82,), (), (), (34,), (), (), (97,), (), (), (), (157,), (), (), (163,), (), (), (), (), (1,), ()]
15;24.2460000515;[(), (97,), (), (), (), (), (), (), (107,), (), (118,), (), (), (157,), (), (), (1,), (), (163,), ()]
-6;26.0709998608;[(82,), (), (), (148,), (), (97,), (), (118,), (), (34,), (), (163,), (), (1,), (), (157,), (), (92,), (), ()]
11;23.8589999676;[(82,), (), (), (97,), (118,), (), (), (), (157,), (), (), (), (163,), (), (1,), (), (34,), (), (92,), ()]
4;24.9960000515;[(97,), (), (107,), (118,), (), (34,), (), (163,), (), (1,), (), (157,), (), (92,), (), (), (), (), (), ()]
1;25.0610001087;[(), (82,), (), (97,), (), (118,), (), (), (), (34,), (), (157,), (), (), (163,), (), (), (1,), (), ()]
2;25.3529999256;[(97,), (82,), (), (118,), (), (34,), (), (157,), (), (1,), (), (163,), (), (), (92,), (), (), (156,), (), ()]
15;26.2379999161;[(82,), (), (), (97,), (), (118,), (34,), (), (), (157,), (), (), (1,), (), (163,), (), (), (), (), ()]
23;23.4850001335;[(82,), (), (97,), (118,), (), (), (), (), (), (), (163,), (), (1,), (), (), (), (34,), (), (), ()]
12;25.0490000248;[(82,), (), (97,), (), (118,), (34,), (), (), (), (), (157,), (), (), (), (), (), (), (), (163,), ()]
2;25.2379999161;[(), (82,), (), (97,), (118,), (), (), (34,), (), (), (), (157,), (), (1,), (), (163,), (), (), (92,), ()]
1;26.1050000191;[(34,), (), (), (97,), (), (), (148,), (), (), (), (), (157,), (), (118,), (), (1,), (), (), (163,), ()]
-2;25.7170000076;[(), (82,), (), (), (97,), (), (34,), (), (), (), (157,), (), (163,), (), (), (), (1,), (), (92,), ()]
-2;25.6289999485;[(), (34,), (), (97,), (), (), (148,), (), (157,), (), (118,), (), (), (163,), (), (), (1,), (), (), ()]
2;25.4440000057;[(), (97,), (), (82,), (), (), (118,), (), (), (157,), (), (), (), (), (163,), (), (), (34,), (), ()]
0;25.3870000839;[(97,), (), (), (82,), (), (118,), (), (), (34,), (), (157,), (1,), (), (), (163,), (), (), (), (92,), ()]
6;25.1369998455;[(34,), (), (), (107,), (), (), (), (), (118,), (), (97,), (163,), (), (), (), (), (), (), (1,), ()]
6;25.7089998722;[(), (82,), (), (), (97,), (), (118,), (), (34,), (), (), (), (157,), (), (163,), (), (), (), (1,), ()]
3;24.3180000782;[(82,), (97,), (), (), (118,), (), (), (157,), (), (34,), (), (), (), (1,), (), (), (163,), (), (), ()]
4;25.3540000916;[(82,), (), (), (97,), (), (13,), (), (), (34,), (), (118,), (1,), (), (), (), (157,), (92,), (), (), ()]
5;25.2619998455;[(13,), (), (34,), (), (), (), (118,), (), (97,), (), (), (), (), (), (157,), (1,), (), (163,), (), ()]
6;24.9479999542;[(), (82,), (), (), (97,), (118,), (), (), (34,), (), (), (), (), (163,), (), (), (1,), (), (), ()]
-1;25.4639999866;[(), (82,), (97,), (), (34,), (), (), (), (), (), (157,), (), (118,), (), (163,), (), (), (), (92,), ()]
6;25.5559999943;[(148,), (), (82,), (), (97,), (), (34,), (), (), (), (1,), (), (163,), (), (), (), (), (92,), (), ()]
2;25.0930001736;[(), (82,), (), (97,), (), (), (118,), (), (), (157,), (), (1,), (), (), (163,), (), (), (92,), (), ()]
7;25.6109998226;[(34,), (), (), (), (97,), (), (), (), (), (), (), (), (118,), (163,), (), (), (157,), (), (1,), ()]
5;24.8090000153;[(), (82,), (), (), (), (97,), (), (), (34,), (), (), (), (), (157,), (), (163,), (), (1,), (), ()]
9;24.1980001926;[(), (82,), (), (), (), (97,), (), (118,), (), (), (), (), (), (163,), (), (1,), (), (), (34,), ()]
12;25.021999836;[(148,), (), (), (97,), (), (), (), (118,), (), (), (), (), (), (34,), (), (163,), (), (), (), ()]
12;25.25;[(148,), (), (), (82,), (), (34,), (), (), (118,), (), (157,), (), (), (97,), (), (), (), (), (), ()]
5;25.2990000248;[(), (82,), (), (97,), (), (), (34,), (), (), (), (157,), (), (), (163,), (), (), (118,), (), (), ()]
12;24.9750001431;[(34,), (), (), (), (118,), (), (), (), (), (), (), (97,), (), (), (157,), (), (), (1,), (), ()]
10;25.268999815;[(), (82,), (), (), (97,), (), (), (), (), (157,), (), (), (), (163,), (), (), (), (), (1,), ()]
7;24.875;[(), (82,), (), (97,), (), (), (118,), (), (), (), (34,), (157,), (1,), (), (), (163,), (), (), (), ()]
6;24.8100001812;[(), (97,), (), (107,), (), (), (118,), (), (), (), (34,), (), (), (163,), (), (157,), (), (1,), (), ()]
13;24.2279999256;[(), (82,), (), (), (), (97,), (), (34,), (), (), (), (), (), (157,), (), (163,), (), (), (), ()]
8;25.4779999256;[(97,), (), (), (82,), (), (), (118,), (), (34,), (), (157,), (), (), (1,), (163,), (), (), (92,), (), ()]
7;24.6059999466;[(), (82,), (), (97,), (), (118,), (), (), (34,), (), (), (157,), (), (), (), (), (), (163,), (), ()]
-3;25.3260002136;[(), (82,), (), (97,), (), (34,), (), (157,), (), (163,), (), (1,), (), (107,), (), (), (118,), (), (), ()]
-1;25.2559998035;[(), (82,), (), (34,), (), (), (), (97,), (), (157,), (), (163,), (), (), (), (1,), (), (118,), (92,), ()]
10;25.871999979;[(97,), (), (107,), (), (), (), (118,), (), (157,), (), (34,), (), (), (), (), (), (), (1,), (), ()]
-3;26.0070002079;[(), (82,), (), (), (97,), (), (), (118,), (), (157,), (), (163,), (), (107,), (), (148,), (), (1,), (), ()]
-3;25.4149999619;[(), (82,), (), (), (97,), (118,), (), (34,), (), (163,), (), (), (), (1,), (), (157,), (), (92,), (), ()]
3;25.885999918;[(), (82,), (), (97,), (), (), (157,), (), (163,), (), (), (), (1,), (), (118,), (), (), (), (92,), ()]
0;25.1129999161;[(), (82,), (), (), (97,), (), (), (), (157,), (), (163,), (), (1,), (), (), (118,), (), (), (92,), ()]
3;25.7930002213;[(97,), (), (), (82,), (), (), (118,), (), (), (34,), (), (), (157,), (), (1,), (), (163,), (), (92,), ()]
9;25.1489999294;[(97,), (), (82,), (), (34,), (), (), (157,), (), (), (), (), (1,), (), (), (), (118,), (), (), ()]
3;24.6729998589;[(), (82,), (97,), (), (), (), (), (157,), (), (163,), (), (1,), (), (118,), (), (92,), (), (), (), ()]
12;24.9820001125;[(13,), (), (82,), (), (97,), (), (118,), (163,), (), (), (), (), (1,), (), (34,), (), (), (), (), ()]
3;26.1480000019;[(), (82,), (), (34,), (), (), (), (97,), (), (157,), (), (163,), (), (), (1,), (), (118,), (), (), ()]
-4;26.0829999447;[(), (97,), (), (13,), (), (), (118,), (), (157,), (), (34,), (), (), (1,), (163,), (), (), (92,), (), ()]
-5;25.6979999542;[(34,), (), (), (107,), (), (97,), (), (118,), (163,), (), (1,), (), (157,), (), (92,), (), (156,), (), (), ()]
1;24.8710000515;[(), (82,), (97,), (), (118,), (), (34,), (), (157,), (), (), (163,), (), (92,), (), (), (), (156,), (), ()]
2;25.7190001011;[(148,), (), (), (82,), (), (97,), (), (), (118,), (), (), (), (34,), (), (163,), (), (1,), (92,), (), ()]
0;25.7219998837;[(), (82,), (), (), (97,), (), (34,), (), (157,), (), (118,), (), (1,), (), (), (163,), (), (), (92,), ()]
-7;26.2100000381;[(34,), (), (97,), (), (148,), (), (), (118,), (), (), (157,), (), (163,), (), (1,), (), (107,), (), (92,), ()]
8;24.5450000763;[(), (97,), (), (), (), (82,), (118,), (), (), (157,), (), (), (), (163,), (), (1,), (34,), (), (), ()]
-4;25.3389999866;[(), (82,), (), (97,), (), (), (34,), (), (157,), (), (163,), (), (1,), (), (118,), (), (92,), (), (156,), ()]
-2;25.7909998894;[(), (82,), (), (13,), (), (), (97,), (), (), (118,), (), (148,), (), (), (1,), (), (163,), (34,), (), ()]
1;26.2650001049;[(82,), (), (97,), (), (34,), (), (), (157,), (), (), (163,), (), (), (1,), (), (118,), (), (92,), (), ()]
21;23.7790000439;[(), (97,), (), (), (148,), (), (), (118,), (), (157,), (), (), (92,), (107,), (), (), (), (), (), ()]
3;24.635999918;[(), (82,), (), (97,), (), (118,), (), (), (34,), (157,), (), (), (), (1,), (), (), (163,), (), (), ()]
0;25.3139998913;[(97,), (), (107,), (), (118,), (), (), (34,), (), (163,), (), (1,), (), (), (), (157,), (), (92,), (156,), ()]
5;24.992000103;[(), (82,), (), (97,), (), (), (118,), (), (157,), (), (163,), (107,), (), (), (1,), (), (34,), (), (), ()]
2;25.2790000439;[(), (), (82,), (), (34,), (), (97,), (), (157,), (), (163,), (), (), (118,), (), (1,), (), (), (), ()]
-3;24.9279999733;[(148,), (), (82,), (97,), (), (118,), (), (34,), (), (), (163,), (), (157,), (), (1,), (), (), (92,), (), ()]
1;24.4819998741;[(), (97,), (82,), (), (), (), (118,), (), (), (34,), (), (157,), (), (), (), (163,), (), (92,), (156,), ()]
-1;25.4539999962;[(), (82,), (), (97,), (118,), (), (34,), (), (), (157,), (), (1,), (), (), (), (163,), (), (), (), ()]
12;25.1190001965;[(148,), (), (82,), (), (34,), (), (), (), (118,), (), (), (), (), (97,), (), (), (163,), (), (), ()]
6;25.6059999466;[(82,), (), (34,), (), (), (), (), (97,), (157,), (), (), (163,), (), (1,), (), (118,), (), (), (), ()]
0;25.6740000248;[(148,), (), (97,), (), (118,), (), (), (34,), (), (), (157,), (), (163,), (), (1,), (), (107,), (), (), ()]
3;24.378000021;[(), (82,), (), (34,), (), (), (97,), (), (157,), (163,), (), (), (), (), (118,), (), (92,), (156,), (166,), ()]
7;25.3349997997;[(), (82,), (), (), (97,), (), (), (), (), (), (118,), (), (), (), (157,), (), (), (163,), (), ()]
6;24.7180001736;[(), (97,), (107,), (), (), (118,), (), (), (34,), (), (), (157,), (1,), (), (), (163,), (), (), (), ()]
2;25.381000042;[(13,), (), (82,), (), (), (97,), (), (34,), (), (118,), (), (), (), (1,), (), (157,), (), (), (92,), ()]
7;25.3699998856;[(97,), (), (), (), (), (), (107,), (118,), (), (), (34,), (), (163,), (), (), (1,), (), (), (157,), ()]
2;25.0309998989;[(), (82,), (), (), (97,), (), (118,), (34,), (), (), (157,), (), (163,), (), (1,), (), (), (92,), (), ()]
11;24.3960001469;[(), (97,), (), (82,), (), (34,), (), (), (), (), (), (), (157,), (), (), (), (), (163,), (), ()]
5;25.8970000744;[(82,), (), (97,), (), (), (), (), (118,), (), (157,), (), (), (), (), (163,), (), (1,), (), (), ()]
5;24.9670000076;[(), (82,), (), (97,), (), (118,), (), (), (), (), (), (34,), (157,), (), (), (), (1,), (), (163,), ()]
1;25.0559999943;[(13,), (), (82,), (), (), (97,), (), (), (), (118,), (), (163,), (), (1,), (), (34,), (), (), (92,), ()]
11;24.2289998531;[(), (82,), (), (148,), (), (), (), (97,), (), (118,), (), (), (), (34,), (), (), (), (), (163,), ()]
11;23.8410000801;[(), (82,), (34,), (), (), (), (148,), (), (), (118,), (), (), (), (), (), (), (97,), (163,), (), ()]
7;24.9119999409;[(), (97,), (), (), (34,), (), (), (), (148,), (), (118,), (), (), (), (), (163,), (), (), (1,), ()]
0;25.4100000858;[(), (34,), (), (), (107,), (), (118,), (), (97,), (), (), (163,), (), (1,), (), (157,), (), (), (), ()]
3;25.621999979;[(34,), (), (), (97,), (), (148,), (), (157,), (), (), (), (118,), (), (), (163,), (), (92,), (156,), (), ()]
-3;26.0820000172;[(97,), (), (82,), (), (), (118,), (), (34,), (), (157,), (), (1,), (), (), (163,), (), (92,), (), (), ()]
5;25.3519999981;[(), (82,), (), (), (34,), (), (), (97,), (), (157,), (), (118,), (), (), (1,), (), (), (), (163,), ()]
19;23.396999836;[(), (82,), (), (), (97,), (), (), (), (), (), (), (), (157,), (), (163,), (1,), (), (166,), (), ()]
13;25.3150000572;[(34,), (), (), (), (), (), (97,), (), (), (157,), (), (), (163,), (), (), (118,), (), (), (1,), ()]
3;25.9660000801;[(97,), (), (), (82,), (), (), (), (118,), (), (34,), (), (), (163,), (), (), (), (1,), (), (), ()]
-1;25.4570000172;[(82,), (), (), (97,), (), (118,), (), (34,), (), (157,), (), (1,), (), (163,), (92,), (), (), (), (156,), ()]
7;25.1849999428;[(148,), (), (), (82,), (), (97,), (), (), (), (), (118,), (), (34,), (), (), (1,), (), (), (), ()]
11;25.3359999657;[(82,), (), (), (), (), (), (97,), (118,), (), (), (), (), (34,), (), (), (), (148,), (), (), ()]
2;25.1259999275;[(), (82,), (), (), (97,), (), (118,), (), (34,), (), (163,), (), (1,), (), (), (), (157,), (), (), ()]
7;25.228000164;[(), (82,), (), (97,), (), (), (), (), (118,), (), (34,), (), (), (157,), (), (), (1,), (), (), ()]
5;26.4379999638;[(34,), (), (107,), (), (), (118,), (), (97,), (), (), (), (163,), (), (), (), (), (), (1,), (157,), ()]
1;25.4210000038;[(82,), (97,), (), (34,), (), (157,), (), (), (), (), (), (1,), (), (118,), (), (92,), (), (163,), (), ()]
13;24.2279999256;[(97,), (), (), (), (), (), (118,), (), (34,), (), (157,), (), (), (1,), (163,), (), (), (92,), (156,), ()]
-1;25.4309999943;[(34,), (), (), (107,), (118,), (), (), (97,), (), (163,), (), (1,), (), (), (157,), (), (92,), (), (), ()]
2;25.1700000763;[(), (82,), (), (), (97,), (), (118,), (), (), (157,), (), (34,), (), (1,), (), (163,), (), (), (), ()]
3;25.7009999752;[(82,), (), (97,), (), (118,), (), (), (), (34,), (), (157,), (), (), (1,), (), (), (163,), (), (), ()]
6;25.2349998951;[(), (82,), (), (), (97,), (), (), (118,), (), (34,), (), (148,), (), (), (1,), (163,), (), (157,), (), ()]
7;25.0600001812;[(82,), (), (), (97,), (), (), (34,), (), (), (157,), (163,), (), (), (), (), (), (1,), (), (118,), ()]
26;24.4110000134;[(82,), (), (97,), (), (), (), (), (), (), (), (), (118,), (), (34,), (), (157,), (), (1,), (), ()]
-3;25.7869999409;[(34,), (), (97,), (), (148,), (), (), (118,), (), (163,), (), (1,), (), (), (), (157,), (), (107,), (), ()]
-4;25.8259999752;[(), (82,), (), (), (97,), (), (), (118,), (), (34,), (), (157,), (), (), (1,), (), (), (163,), (92,), ()]
5;25.1760001183;[(), (82,), (), (97,), (), (34,), (), (), (157,), (), (118,), (), (), (), (1,), (), (), (92,), (), ()]
10;24.015999794;[(), (82,), (), (97,), (), (), (118,), (), (), (34,), (), (), (), (157,), (), (1,), (), (), (163,), ()]
5;26.1760001183;[(97,), (), (82,), (), (118,), (), (), (34,), (), (157,), (), (), (1,), (), (163,), (), (), (), (), ()]
2;25.6859998703;[(82,), (), (97,), (), (), (118,), (), (34,), (), (), (), (), (157,), (), (1,), (), (), (), (163,), ()]
-2;25.4900000095;[(82,), (), (), (97,), (), (118,), (), (), (), (34,), (), (157,), (1,), (), (163,), (), (), (92,), (), ()]
3;24.489000082;[(), (82,), (), (97,), (), (), (), (34,), (), (), (157,), (), (), (163,), (), (), (1,), (), (107,), ()]
-1;25.742000103;[(34,), (), (), (97,), (), (), (107,), (), (), (), (157,), (), (118,), (), (1,), (), (163,), (), (92,), ()]
0;25.3329999447;[(), (82,), (), (), (), (97,), (), (13,), (), (), (118,), (), (34,), (), (), (157,), (163,), (), (), ()]
4;25.1119999886;[(), (82,), (), (97,), (), (), (34,), (), (), (118,), (), (157,), (), (163,), (), (1,), (), (), (92,), ()]
-5;25.0509998798;[(), (82,), (), (), (97,), (), (118,), (), (34,), (), (157,), (), (1,), (), (), (163,), (), (), (), ()]
3;25.1770000458;[(), (82,), (), (), (), (), (97,), (), (), (118,), (), (), (34,), (), (157,), (1,), (), (163,), (), ()]
0;26.5180001259;[(82,), (), (), (97,), (), (118,), (), (34,), (), (), (157,), (), (1,), (), (), (), (), (), (163,), ()]
1;25.9219999313;[(34,), (), (), (), (97,), (), (148,), (), (), (118,), (), (157,), (), (163,), (), (), (1,), (), (92,), ()]
2;25.4639999866;[(34,), (), (107,), (), (), (118,), (), (), (), (), (97,), (), (), (157,), (), (), (92,), (), (156,), ()]
8;23.6930000782;[(), (82,), (34,), (), (97,), (), (), (), (), (), (157,), (), (163,), (), (1,), (), (), (), (118,), ()]
10;25.0460000038;[(), (82,), (), (), (), (), (), (97,), (), (118,), (), (), (34,), (), (), (), (157,), (), (), ()]
-3;26.0230000019;[(82,), (97,), (), (34,), (), (157,), (), (), (118,), (), (), (), (1,), (), (163,), (), (92,), (), (156,), ()]
3;25.5269999504;[(34,), (), (97,), (), (148,), (), (118,), (), (), (157,), (), (163,), (), (), (1,), (), (), (), (), ()]
-3;25.4960000515;[(148,), (), (), (97,), (), (118,), (34,), (), (), (157,), (), (163,), (), (1,), (), (), (92,), (), (156,), ()]
10;25.5549998283;[(), (82,), (), (), (97,), (), (), (13,), (), (), (), (118,), (), (34,), (), (), (), (1,), (), ()]
0;24.5910000801;[(), (82,), (), (97,), (), (), (107,), (), (), (), (34,), (), (118,), (), (), (163,), (1,), (), (92,), ()]
6;23.5680000782;[(), (82,), (97,), (), (), (118,), (), (34,), (), (), (), (163,), (), (1,), (157,), (), (), (), (92,), ()]
3;25.8199999332;[(34,), (), (97,), (), (148,), (), (), (), (), (), (118,), (), (157,), (), (163,), (92,), (), (), (156,), ()]
3;25.1540000439;[(148,), (), (), (82,), (), (), (97,), (), (34,), (), (), (163,), (), (), (), (), (1,), (), (92,), ()]
7;26.1629998684;[(), (82,), (), (), (), (34,), (), (97,), (), (), (157,), (), (13,), (), (), (118,), (), (), (), ()]
14;25.2620000839;[(), (82,), (), (), (), (97,), (), (), (), (34,), (), (), (), (), (), (157,), (118,), (), (), ()]
-2;27.0810000896;[(97,), (), (82,), (), (34,), (), (107,), (), (118,), (), (), (157,), (), (163,), (), (1,), (), (92,), (), ()]
13;25.9470000267;[(97,), (), (), (), (), (), (), (82,), (), (118,), (), (), (), (34,), (), (), (), (157,), (), ()]
11;22.9779999256;[(), (97,), (82,), (), (), (), (), (), (118,), (), (), (34,), (), (), (157,), (1,), (), (), (163,), ()]
7;25.138999939;[(), (82,), (), (), (13,), (), (97,), (), (), (118,), (), (163,), (), (), (), (), (), (1,), (), ()]
6;25.2409999371;[(13,), (), (82,), (), (148,), (), (), (), (), (34,), (), (), (118,), (), (97,), (), (), (157,), (92,), ()]
16;24.4020001888;[(), (82,), (97,), (), (), (118,), (), (), (157,), (), (), (163,), (107,), (), (), (), (), (), (), ()]
3;25.5820000172;[(), (82,), (), (), (97,), (), (118,), (), (), (157,), (), (), (163,), (), (1,), (), (34,), (), (), ()]
