Reward;Time;Actions
59;26.5620000362;[(32, 114, 127, 168), (), (), (), (), (), (), (), (), (), (), (), (), (), (), (179,), (187,), (), (), ()]
77;34.3880000114;[(154,), (), (), (162,), (137,), (124,), (), (), (7,), (), (), (), (), (), (), (), (), (), (), ()]
33;28.8150000572;[(38, 71, 185, 194), (), (), (), (), (), (), (), (), (), (), (80,), (), (), (66,), (75,), (), (), (), ()]
49;26.6670000553;[(24, 134), (), (), (), (), (), (), (), (), (), (), (), (), (), (16,), (), (8,), (), (), ()]
62;25.7860000134;[(2, 106), (), (), (), (), (), (), (), (), (), (), (), (), (171,), (70,), (179,), (126,), (), (67,), ()]
29;32.5569999218;[(21,), (), (), (), (129,), (), (), (66,), (), (), (), (), (), (), (), (), (134,), (), (), ()]
46;26.4830000401;[(76, 95, 144), (), (), (), (), (), (), (), (), (), (), (), (), (64,), (), (187,), (), (), (126,), ()]
21;33.5;[(), (15,), (), (), (8,), (), (), (), (), (22,), (), (), (), (), (), (), (), (179,), (44,), ()]
92;27.8870000839;[(34,), (), (10,), (), (), (), (), (), (), (), (), (), (), (), (16,), (), (), (15,), (198,), ()]
57;26.379999876;[(24,), (), (), (), (), (), (), (), (), (), (), (), (), (), (180,), (0,), (129,), (), (), ()]
54;31.2569999695;[(86, 168), (), (), (99,), (), (12,), (), (), (), (), (), (), (), (), (), (), (), (), (), ()]
54;35.2460000515;[(), (144,), (), (124,), (), (), (23,), (), (), (13,), (), (), (), (), (), (), (), (), (), ()]
81;28.0759999752;[(149,), (), (1,), (), (), (), (), (), (), (), (), (), (), (146,), (116,), (), (), (), (187,), ()]
69;27.2680001259;[(13, 104), (), (), (), (), (), (), (), (), (), (), (), (), (160,), (), (), (), (171,), (197,), ()]
59;24.5829999447;[(3, 30), (), (), (), (), (), (), (), (), (), (), (), (), (154,), (), (), (58,), (19,), (), ()]
46;25.3489999771;[(72, 99, 110, 155), (), (), (), (), (), (), (), (), (), (), (), (), (), (), (), (92,), (67,), (), ()]
38;27.4129998684;[(8, 38, 190), (), (), (), (), (), (), (), (), (), (), (23,), (), (), (), (187,), (), (99,), (50,), ()]
20;34.0730001926;[(), (124,), (116,), (), (), (), (), (), (), (), (), (), (), (154,), (125,), (162,), (39,), (), (), ()]
59;28.7339999676;[(3, 96, 135), (), (), (), (), (), (), (), (146,), (130,), (), (33,), (), (74,), (), (124,), (45,), (), (86,), ()]
36;26.8899998665;[(17, 190, 195), (), (), (), (), (), (), (), (), (137,), (), (18,), (), (), (), (), (), (), (), ()]
51;28.1440000534;[(17, 26, 137), (), (), (), (), (), (), (), (), (108,), (), (), (155,), (112,), (), (), (9,), (), (), ()]
40;29.8619999886;[(32, 59, 197), (), (), (), (), (), (), (24,), (), (), (49,), (), (), (), (1,), (), (), (), (), ()]
63;24.996999979;[(15, 106, 162), (), (), (), (), (), (), (), (), (), (), (), (), (), (197,), (7,), (), (189,), (), ()]
13;34.3410000801;[(55,), (), (), (), (), (), (16,), (), (), (), (), (), (), (), (18,), (), (130,), (), (32,), ()]
52;27.3320000172;[(40, 62, 144), (), (), (), (), (), (), (0,), (), (), (), (75,), (187,), (), (), (140,), (24,), (), (44,), ()]
33;29.3529999256;[(48, 78, 161), (), (), (), (), (), (), (), (196,), (), (140,), (), (), (21,), (), (), (24,), (), (), ()]
54;29.0899999142;[(), (13,), (), (), (), (), (), (), (), (), (49,), (), (), (32,), (), (), (10,), (), (), ()]
49;27.3450000286;[(24,), (), (), (), (), (), (), (), (), (), (), (), (72,), (), (), (154,), (77,), (), (99,), ()]
46;29.1590001583;[(11, 89, 126), (), (), (), (), (16,), (), (), (), (), (), (), (7,), (), (), (), (), (), (), ()]
84;25.878000021;[(15, 52, 78, 114), (), (), (), (), (), (), (), (), (), (), (), (138,), (49,), (116,), (74,), (23,), (91,), (), ()]
62;31.6669998169;[(), (162,), (), (74,), (), (), (16,), (), (), (), (), (), (), (), (), (), (), (), (), ()]
66;27.1410000324;[(39,), (), (162,), (), (), (), (), (), (), (), (), (), (), (), (), (), (), (49,), (), ()]
36;35.0770001411;[(), (9,), (), (), (97,), (), (), (), (), (), (), (), (), (), (), (), (), (), (), ()]
41;33.1729998589;[(22, 42, 104, 123), (), (), (108,), (), (24,), (), (), (), (), (), (), (), (), (124,), (), (171,), (), (), ()]
58;29.8140001297;[(75, 128, 191), (), (), (), (), (), (), (), (), (154,), (16,), (), (74,), (), (68,), (34,), (), (), (), ()]
61;25.5690000057;[(58, 93), (), (), (), (), (), (), (), (), (), (), (), (), (), (), (), (), (124,), (), ()]
38;33.138999939;[(), (45,), (), (), (), (24,), (), (), (), (), (), (), (), (), (), (), (175,), (91,), (), ()]
14;34.2839999199;[(89, 154, 196), (), (), (37,), (), (), (), (), (), (), (), (24,), (), (39,), (), (), (26,), (), (), ()]
43;29.2109999657;[(12, 102, 108), (), (), (), (), (), (18,), (), (), (9,), (), (), (), (), (), (), (), (), (), ()]
56;26.123000145;[(31, 124), (), (), (), (), (), (), (), (), (), (), (), (), (15,), (17,), (), (), (), (), ()]
58;26.9919998646;[(), (24,), (), (), (), (), (), (), (), (), (), (), (), (147,), (75,), (30,), (124,), (), (), ()]
39;25.75;[(10, 70, 178, 187), (), (), (), (), (), (), (), (), (25,), (), (), (), (), (9,), (), (), (), (), ()]
47;27.3050000668;[(64, 78, 103), (), (), (), (), (), (), (), (), (), (), (165,), (50,), (), (), (), (), (68,), (), ()]
17;34.0220000744;[(), (24,), (), (), (), (32,), (), (18,), (), (), (), (38,), (), (), (23,), (), (), (), (), ()]
71;22.75;[(5, 57), (), (), (), (), (), (), (), (20,), (), (49,), (116,), (), (108,), (24,), (), (), (), (), ()]
67;21.1710000038;[(129, 167, 178), (), (), (), (), (), (), (), (), (), (), (), (), (), (), (), (), (86,), (), ()]
65;22.8499999046;[(48, 51, 120), (), (), (50,), (), (), (49,), (), (), (), (), (), (), (), (), (), (), (), (), ()]
29;23.0659999847;[(20,), (), (), (75,), (), (3,), (), (), (), (), (), (), (), (), (3,), (15,), (), (), (), ()]
16;34.6849999428;[(29,), (), (), (74,), (), (), (), (), (), (), (), (138,), (), (116,), (), (), (32,), (), (), ()]
60;28.8930001259;[(89, 137), (), (), (), (), (), (), (), (), (), (), (), (), (), (), (), (34,), (130,), (92,), ()]
18;34.0559999943;[(), (14,), (), (), (), (23,), (), (), (), (), (), (108,), (), (7,), (), (), (9,), (), (), ()]
34;29.1229999065;[(11, 165, 199), (), (), (), (), (), (), (), (164,), (), (), (), (), (), (), (156,), (), (180,), (), ()]
46;28.873000145;[(21, 26, 39), (), (), (), (), (), (), (), (), (), (), (129,), (), (67,), (162,), (188,), (86,), (109,), (), ()]
56;31.3269999027;[(129,), (), (18,), (), (), (12,), (), (), (), (), (), (), (), (), (), (), (179,), (7,), (), ()]
50;27.2860000134;[(13, 73, 121), (), (), (), (), (), (), (), (), (), (), (85,), (8,), (), (29,), (), (), (32,), (86,), ()]
60;28.1779999733;[(13, 162, 186), (), (), (), (), (169,), (15,), (), (), (), (), (), (), (), (), (), (), (), (), ()]
64;26.3210000992;[(8, 30, 64, 183), (), (), (), (), (), (), (), (), (), (), (), (), (144,), (124,), (83,), (), (108,), (), ()]
39;33.8699998856;[(18, 102, 147), (), (), (), (196,), (), (23,), (), (), (), (), (), (), (), (), (), (), (), (), ()]
59;24.7860000134;[(13, 138), (), (), (), (), (), (), (), (), (), (), (), (), (), (), (10,), (), (), (), ()]
59;37.6500000954;[(), (23,), (), (196,), (), (41,), (), (32,), (), (20,), (), (), (), (), (), (), (), (), (), ()]
65;27.1659998894;[(21,), (), (), (), (), (), (), (), (), (), (), (), (), (), (), (), (), (), (), ()]
31;28.1000001431;[(14, 124, 182, 183), (), (), (), (), (), (), (), (), (), (), (), (15,), (), (), (), (116,), (), (), ()]
72;26.8409998417;[(3, 21, 190, 198), (), (), (), (), (), (), (), (), (), (101,), (193,), (), (137,), (), (), (187,), (121,), (157,), ()]
64;33.2050001621;[(101, 146, 149), (), (9,), (), (), (), (), (83,), (), (189,), (24,), (), (), (), (), (), (), (), (), ()]
68;24.8989999294;[(58, 95, 109), (), (), (), (), (), (), (), (), (), (), (), (), (), (60,), (), (), (), (), ()]
75;30.629999876;[(4, 28, 34, 78), (), (), (), (), (), (), (), (162,), (), (99,), (), (91,), (111,), (74,), (49,), (), (), (9,), ()]
64;25.4120001793;[(15, 36, 84, 161), (), (), (), (), (), (), (), (), (), (), (), (), (), (24,), (), (), (111,), (), ()]
77;28.9429998398;[(86, 142, 151), (), (12,), (), (16,), (), (), (), (), (), (), (), (), (), (), (), (), (), (), ()]
38;32.0160000324;[(102,), (146,), (), (), (), (), (16,), (), (), (), (), (137,), (), (), (), (), (), (), (), ()]
66;31.8680000305;[(28, 99), (), (), (), (), (), (), (), (), (25,), (), (), (), (), (), (), (), (), (), ()]
58;28.2520000935;[(1, 24, 102, 129), (), (), (), (), (), (0,), (), (), (), (), (), (), (), (), (), (), (), (), ()]
32;35.6410000324;[(51, 85, 87, 176), (), (), (), (173,), (), (32,), (), (), (163,), (99,), (), (), (), (), (), (), (), (), ()]
67;28.0569999218;[(34,), (), (), (), (), (), (), (), (), (), (), (), (), (), (75,), (), (), (), (), ()]
55;30.7379999161;[(28, 63, 92, 105), (), (), (), (), (), (13,), (), (), (4,), (), (), (), (), (), (), (), (), (), ()]
65;28.8860001564;[(34, 100, 107, 176), (), (), (), (), (), (), (), (), (), (), (91,), (), (154,), (124,), (83,), (), (162,), (103,), ()]
41;37.7909998894;[(59, 79), (), (129,), (), (), (32,), (), (), (66,), (), (16,), (), (), (), (), (), (), (), (), ()]
46;31.620000124;[(68,), (), (), (3,), (), (), (), (), (), (), (), (), (129,), (), (58,), (), (32,), (), (86,), ()]
72;31.3639998436;[(140,), (), (30,), (), (), (), (20,), (), (), (), (), (), (), (), (), (), (), (), (), ()]
19;33.6779999733;[(29, 54, 134), (), (), (), (15,), (), (), (), (), (80,), (), (8,), (), (), (), (), (), (25,), (), ()]
77;30.6809999943;[(65, 140), (), (), (161,), (), (), (), (), (), (), (), (), (), (), (), (), (), (), (), ()]
70;26.7699999809;[(8, 25, 83), (), (), (), (), (), (), (), (), (), (), (), (), (), (196,), (74,), (139,), (180,), (), ()]
56;29.367000103;[(1,), (), (), (), (), (), (), (), (), (), (24,), (162,), (164,), (), (), (172,), (154,), (), (), ()]
12;41.9649999142;[(111,), (17,), (), (116,), (), (23,), (), (), (34,), (), (), (14,), (), (), (), (), (3,), (), (), ()]
44;32.2929999828;[(21,), (), (11,), (), (), (), (), (), (), (), (), (), (), (), (), (), (15,), (), (), ()]
73;25.5120000839;[(20, 49, 73, 159, 196), (), (), (), (), (), (), (), (), (), (), (), (149,), (15,), (), (), (), (), (), ()]
26;39.5510001183;[(117, 137), (), (16,), (), (34,), (), (129,), (), (), (23,), (), (5,), (), (), (), (), (), (), (), ()]
55;32.8759999275;[(42,), (), (32,), (), (), (), (), (), (), (), (), (), (), (), (), (124,), (), (23,), (), ()]
78;31.3429999352;[(66,), (), (), (9,), (), (), (), (), (), (), (), (), (), (), (), (), (), (), (171,), ()]
47;29.373000145;[(34, 172), (), (), (), (), (), (), (), (162,), (), (), (), (15,), (), (), (), (), (), (), ()]
8;36.5519998074;[(8, 37, 125), (), (), (), (), (), (21,), (), (41,), (), (79,), (), (89,), (), (98,), (), (), (), (66,), ()]
52;33.6840000153;[(97,), (), (66,), (), (), (), (), (), (), (), (), (), (117,), (50,), (), (74,), (23,), (), (), ()]
59;28.0150001049;[(49, 78, 116), (), (), (), (), (), (), (), (), (), (), (), (), (), (), (), (), (179,), (), ()]
94;28.8280000687;[(7, 96, 98), (), (), (), (), (), (), (), (), (), (), (), (), (196,), (), (138,), (), (131,), (181,), ()]
56;36.1789999008;[(15,), (), (), (146,), (), (32,), (), (10,), (), (), (), (), (23,), (), (), (), (), (), (), ()]
52;29.3080000877;[(41, 110, 160), (), (), (), (), (), (), (), (), (), (), (), (32,), (), (13,), (15,), (), (), (), ()]
62;27.4419999123;[(60, 79), (), (), (), (), (), (), (), (), (), (), (), (), (), (), (16,), (), (), (187,), ()]
32;35.7049999237;[(61, 88, 94, 178), (), (74,), (), (164,), (124,), (), (), (), (), (), (), (), (), (23,), (), (), (), (), ()]
14;32.8320000172;[(11, 112, 153, 173), (), (), (), (), (), (), (199,), (187,), (), (), (), (), (), (82,), (), (180,), (), (124,), ()]
53;31.8329999447;[(105, 136, 163), (), (), (), (75,), (), (), (), (), (), (), (), (), (), (), (), (41,), (12,), (), ()]
68;36.0170001984;[(123, 172), (), (), (), (165,), (), (23,), (), (), (), (), (), (), (), (), (), (), (), (129,), ()]
58;34.1809999943;[(157,), (), (), (67,), (), (), (), (), (), (), (), (), (), (), (), (), (), (), (187,), ()]
21;33.0160000324;[(28, 173), (), (), (), (), (), (), (), (), (121,), (110,), (), (), (), (32,), (), (), (138,), (), ()]
39;34.1649999619;[(), (0,), (), (), (), (), (), (), (), (), (), (59,), (), (), (), (), (), (124,), (), ()]
54;33.5690000057;[(88, 133, 195), (), (), (162,), (16,), (), (), (), (), (), (), (), (), (), (), (), (86,), (), (75,), ()]
31;35.2200000286;[(0,), (), (), (), (), (), (), (), (59,), (), (2,), (), (), (187,), (74,), (), (4,), (), (), ()]
67;27.9739999771;[(4, 30, 38, 158), (), (), (), (), (), (), (), (), (), (), (), (), (), (116,), (), (74,), (147,), (), ()]
55;37.2599999905;[(30, 43), (), (), (), (), (7,), (), (81,), (74,), (), (1,), (), (), (), (), (), (), (), (), ()]
56;30.4959998131;[(5, 140, 155), (), (), (), (), (), (), (), (), (), (), (15,), (), (), (), (74,), (), (68,), (), ()]
6;41.0660002232;[(37, 45, 145), (), (), (), (113,), (), (83,), (), (138,), (), (), (198,), (), (9,), (), (), (26,), (), (), ()]
46;32.0059998035;[(78,), (74,), (), (), (), (), (), (), (), (), (), (), (), (), (), (), (), (), (), ()]
55;27.5210001469;[(28, 31, 108, 190), (), (), (), (), (), (), (), (), (), (), (), (), (74,), (), (0,), (), (), (), ()]
81;33.7289998531;[(43,), (116,), (), (), (7,), (), (), (), (), (), (), (), (), (), (), (), (), (), (), ()]
79;34.5010001659;[(15,), (), (), (), (), (), (), (), (), (), (), (91,), (), (), (), (83,), (190,), (49,), (130,), ()]
27;50.6610000134;[(), (126,), (), (67,), (), (32,), (), (116,), (), (), (66,), (), (15,), (), (), (), (), (), (), ()]
56;38.9469997883;[(74,), (), (), (28,), (), (), (), (), (), (), (), (), (), (36,), (), (), (118,), (8,), (), ()]
32;30.4500000477;[(14, 22, 48, 78, 106), (), (), (), (), (84,), (179,), (), (), (), (), (), (), (), (), (), (), (23,), (), ()]
56;26.6100001335;[(29, 56, 104), (), (), (), (), (), (), (), (), (), (), (), (), (11,), (), (), (), (80,), (179,), ()]
40;27.0669999123;[(83, 86), (), (), (), (), (), (), (), (), (), (), (), (), (188,), (116,), (61,), (), (124,), (), ()]
57;28.9549999237;[(14, 167, 172), (), (), (), (), (), (), (), (), (), (), (68,), (), (179,), (), (), (108,), (), (111,), ()]
64;32.3210000992;[(), (122,), (137,), (), (24,), (), (), (), (), (), (), (), (), (), (), (), (111,), (), (), ()]
22;30.1150000095;[(68, 111, 155), (), (), (), (), (), (), (), (155,), (29,), (), (), (), (0,), (), (), (), (), (99,), ()]
42;30.3759999275;[(30,), (), (137,), (100,), (), (), (), (), (), (), (), (), (), (), (154,), (), (24,), (), (), ()]
51;22.6660001278;[(76, 102), (), (), (), (), (24,), (), (), (), (), (), (), (), (), (), (), (), (163,), (188,), ()]
84;22.1789999008;[(), (50,), (), (157,), (7,), (), (), (), (), (), (), (), (), (), (), (), (187,), (), (32,), ()]
45;20.3429999352;[(7,), (), (), (), (), (), (), (), (), (), (54,), (), (), (), (), (), (), (49,), (), ()]
70;19.7960000038;[(18, 36, 74, 94, 129), (), (), (), (), (), (), (), (), (), (197,), (3,), (), (), (70,), (), (16,), (), (171,), ()]
38;21.0830001831;[(91, 145), (), (), (), (), (), (), (), (), (1,), (), (), (), (), (171,), (), (187,), (24,), (), ()]
28;20.5409998894;[(61, 71, 139, 181), (), (), (), (), (), (), (), (), (), (), (), (5,), (), (), (), (), (1,), (), ()]
51;19.6949999332;[(14, 51, 66), (), (), (), (), (), (), (), (), (), (), (), (110,), (), (7,), (), (), (), (), ()]
43;22.2790000439;[(49,), (), (), (), (), (), (), (187,), (), (), (21,), (), (), (9,), (), (93,), (), (), (), ()]
64;18.0590000153;[(11, 75, 111), (), (), (), (), (), (), (), (), (), (), (), (24,), (), (), (), (9,), (), (), ()]
56;24.367000103;[(50, 91), (), (), (15,), (), (), (), (99,), (), (), (), (0,), (), (), (), (), (), (), (), ()]
78;20.1139998436;[(108, 117), (), (68,), (), (), (), (), (), (), (), (), (), (), (), (), (), (42,), (), (), ()]
9;30.2000000477;[(12,), (), (116,), (), (85,), (), (), (25,), (), (79,), (), (74,), (), (), (), (7,), (), (), (), ()]
56;25.7109999657;[(44, 65, 173), (), (), (), (), (), (), (), (), (), (), (), (), (), (7,), (), (), (), (), ()]
62;29.0670001507;[(57, 100, 123), (), (), (), (), (), (), (), (), (), (), (41,), (146,), (), (), (196,), (137,), (86,), (179,), ()]
19;35.5099999905;[(18, 103, 165), (), (), (23,), (), (), (), (7,), (), (), (28,), (), (), (), (), (10,), (), (), (), ()]
42;31.7219998837;[(74,), (), (16,), (), (), (), (), (9,), (), (), (), (), (), (), (), (), (), (), (99,), ()]
77;27.7250001431;[(11,), (), (), (), (), (), (), (), (7,), (), (), (), (), (), (), (), (), (), (), ()]
35;32.5809998512;[(3, 142), (), (), (), (), (), (), (), (), (), (169,), (15,), (), (), (), (137,), (179,), (), (187,), ()]
75;34.9360001087;[(110, 141), (), (), (15,), (), (), (129,), (), (), (), (), (), (), (), (), (), (33,), (163,), (), ()]
37;28.4819998741;[(7,), (), (), (), (), (), (), (), (24,), (), (), (), (36,), (), (), (), (), (), (), ()]
77;25.0950000286;[(3, 27, 83, 198), (), (), (), (), (), (), (), (), (), (), (), (), (116,), (), (), (), (), (137,), ()]
46;27.7170000076;[(75, 93), (), (), (), (), (), (), (), (), (), (), (), (), (14,), (), (116,), (), (41,), (58,), ()]
52;29.0799999237;[(29, 38, 147, 158), (), (), (), (), (), (), (), (), (), (124,), (41,), (121,), (), (99,), (155,), (), (180,), (), ()]
32;27.7970001698;[(20, 53, 74), (), (), (), (), (), (), (), (), (191,), (), (10,), (), (), (), (), (), (), (), ()]
70;27.7969999313;[(12,), (), (), (), (), (), (1,), (), (), (), (), (), (), (), (83,), (162,), (), (), (), ()]
77;28.6679999828;[(45, 65, 136, 173), (), (), (74,), (), (), (), (), (), (), (), (), (), (), (), (), (), (), (), ()]
4;38.6129999161;[(74, 112), (), (), (162,), (), (50,), (), (), (189,), (146,), (), (), (), (), (), (19,), (), (), (), ()]
58;30.5920000076;[(79, 194), (), (50,), (), (), (3,), (), (), (), (), (), (), (), (), (), (), (), (), (), ()]
67;33.370000124;[(), (68,), (), (15,), (), (), (), (35,), (), (16,), (), (), (), (), (), (), (), (), (), ()]
41;30.7279999256;[(15, 141), (), (), (), (32,), (), (), (), (), (), (), (179,), (), (74,), (), (162,), (67,), (), (187,), ()]
2;35.4470000267;[(41, 65, 114), (), (), (), (77,), (187,), (), (49,), (), (26,), (), (), (), (28,), (), (33,), (), (23,), (), ()]
56;26.3940000534;[(31, 110, 185), (), (), (), (), (), (), (), (), (), (), (), (), (149,), (), (163,), (138,), (7,), (), ()]
66;34.5420000553;[(41, 189), (), (), (), (), (), (), (), (), (), (), (), (), (), (), (), (), (), (), ()]
54;40.0929999352;[(59,), (), (162,), (), (187,), (), (), (), (25,), (), (), (), (), (), (), (), (), (8,), (), ()]
47;28.2419998646;[(52, 96, 156, 166), (), (), (), (), (), (), (), (), (), (), (), (), (), (), (137,), (104,), (), (), ()]
12;37.3450000286;[(154,), (), (4,), (), (), (), (), (), (), (17,), (), (92,), (137,), (), (), (187,), (), (33,), (196,), ()]
37;36.2730000019;[(23,), (), (), (13,), (), (), (1,), (), (), (), (), (), (), (163,), (0,), (), (), (), (), ()]
48;31.0090000629;[(24, 152), (), (), (), (), (), (), (), (), (), (), (23,), (), (100,), (106,), (192,), (33,), (), (), ()]
59;32.1679999828;[(0, 86), (), (), (), (), (), (), (), (), (), (137,), (66,), (), (95,), (), (108,), (), (83,), (), ()]
16;37.0920000076;[(13, 74, 161), (), (), (106,), (), (), (10,), (), (), (), (14,), (), (), (), (), (21,), (), (), (), ()]
15;38.4130001068;[(30,), (), (124,), (), (50,), (), (3,), (), (), (), (), (), (29,), (), (), (), (7,), (), (), ()]
66;29.0460000038;[(100, 185), (), (), (), (), (), (), (), (), (), (), (), (), (), (187,), (49,), (), (), (), ()]
70;26.8329999447;[(26, 77, 145), (), (), (), (), (), (), (), (), (), (), (), (), (), (), (196,), (50,), (), (), ()]
44;35.5230000019;[(108,), (), (125,), (), (20,), (), (), (), (), (), (), (), (), (), (), (146,), (), (16,), (), ()]
73;30.5699999332;[(15,), (), (), (35,), (), (), (), (), (), (), (), (), (), (), (), (103,), (), (), (137,), ()]
38;30.638999939;[(105, 111, 156, 179), (), (), (), (), (), (), (), (), (), (), (), (), (), (), (99,), (), (66,), (), ()]
44;30.881000042;[(13, 64, 66, 124), (), (), (), (), (), (), (), (), (), (), (148,), (58,), (16,), (), (168,), (187,), (), (), ()]
50;29.5290000439;[(2,), (), (), (), (), (), (), (), (), (20,), (), (), (), (), (), (), (), (), (), ()]
47;32.4849998951;[(20,), (), (), (), (), (), (), (), (), (), (124,), (), (187,), (), (82,), (), (95,), (), (137,), ()]
21;36.5160000324;[(12, 119), (), (), (25,), (), (), (), (), (), (32,), (), (), (), (159,), (), (24,), (), (), (), ()]
10;41.3140001297;[(57, 151), (), (), (84,), (), (), (76,), (), (), (), (), (109,), (), (28,), (), (), (), (), (), ()]
69;31.0130000114;[(), (49,), (), (), (), (), (), (), (), (), (), (), (), (), (), (), (32,), (), (), ()]
48;32.6699998379;[(69, 77, 166), (), (), (), (49,), (), (7,), (), (), (), (), (), (), (), (), (), (), (171,), (), ()]
10;36.1990001202;[(5, 55, 62, 99), (), (), (17,), (), (), (), (), (76,), (), (15,), (), (), (), (65,), (), (), (7,), (), ()]
2;41.8589999676;[(35, 164), (), (), (7,), (), (), (49,), (), (154,), (), (125,), (), (16,), (), (9,), (), (), (), (), ()]
73;30.2320001125;[(6, 157, 178), (), (), (), (), (), (), (), (), (), (129,), (154,), (), (), (29,), (), (), (187,), (), ()]
20;39.3669998646;[(68,), (), (137,), (), (), (34,), (), (), (), (), (), (99,), (), (), (), (32,), (), (1,), (), ()]
67;28.9070000648;[(133, 149, 191), (), (), (), (), (), (), (), (), (), (), (), (), (), (66,), (), (49,), (), (), ()]
79;30.4440000057;[(), (93,), (), (), (), (), (), (), (), (), (), (), (), (), (), (), (), (), (), ()]
46;34.3580000401;[(49, 56, 135), (), (), (), (66,), (), (9,), (), (), (16,), (), (), (), (), (), (), (), (), (), ()]
80;29.5649998188;[(57, 150, 164), (), (), (), (), (), (), (), (), (), (41,), (147,), (), (), (32,), (), (138,), (), (), ()]
48;28.8740000725;[(70, 82, 139), (), (), (), (), (), (), (), (), (), (), (), (179,), (3,), (), (), (), (), (), ()]
41;33.3559999466;[(17,), (), (), (15,), (), (), (), (), (), (), (), (116,), (), (), (), (), (), (), (80,), ()]
31;29.8660001755;[(20, 73, 143), (), (), (), (), (), (), (), (), (), (), (), (), (), (24,), (), (), (7,), (), ()]
66;29.8289999962;[(51, 172, 180), (), (), (), (), (), (), (), (), (), (), (191,), (), (22,), (), (), (), (), (), ()]
38;31.6719999313;[(82, 144), (), (), (), (), (), (), (), (), (), (), (28,), (), (2,), (), (), (21,), (), (), ()]
76;29.871999979;[(), (50,), (), (), (), (), (), (), (), (), (), (), (), (), (), (59,), (), (), (), ()]
52;30.9370000362;[(94, 118, 146, 199), (), (), (), (), (), (), (), (), (), (), (), (126,), (81,), (), (), (), (), (), ()]
46;32.1119999886;[(99,), (), (), (), (), (), (), (), (), (), (), (), (), (49,), (), (), (4,), (), (), ()]
16;36.6860001087;[(90, 160, 192), (), (), (17,), (), (), (), (), (), (32,), (), (), (18,), (), (), (), (), (), (51,), ()]
72;29.8139998913;[(60, 88, 151, 198), (), (), (), (), (), (), (), (23,), (), (), (), (), (), (), (), (), (), (), ()]
57;32.3250000477;[(10,), (), (), (), (), (), (), (), (49,), (), (7,), (), (76,), (), (42,), (27,), (), (130,), (129,), ()]
39;36.3110001087;[(155, 177), (), (), (), (), (), (), (23,), (), (), (113,), (101,), (), (32,), (), (83,), (), (), (108,), ()]
68;33.0999999046;[(), (), (47,), (), (), (9,), (), (), (), (), (), (), (), (), (), (), (), (), (), ()]
13;40.7860000134;[(100, 147), (), (7,), (), (), (18,), (), (), (142,), (), (12,), (), (), (), (), (), (116,), (), (), ()]
56;28.7160000801;[(20, 105), (), (), (), (), (), (), (), (), (), (), (), (151,), (7,), (), (), (23,), (), (193,), ()]
72;30.2739999294;[(79, 151, 152), (), (), (), (), (), (), (), (), (), (), (24,), (), (158,), (187,), (49,), (), (), (189,), ()]
46;29.2899999619;[(0, 120, 168, 178), (), (), (), (), (), (), (), (), (), (), (7,), (), (), (), (), (), (), (146,), ()]
